793.1509 38.9508
1085.9648 19.3326
486.458 16.3819
781.8335 791.8389
1054.1151 784.0025
1019.9127 776.209
698.032 778.1595
916.1385 774.2738
366.7127 768.7628
568.9045 769.879
258.2625 756.8388
52.6906 762.1303
1220.9907 744.604
1150.7261 728.9529
599.2396 714.3272
1218.468 711.9648
836.3745 704.9377
1280.7896 694.2091
707.3845 695.4329
995.3588 693.485
531.2487 693.4727
258.1653 692.8135
921.3222 687.6806
1253.3859 678.3949
52.189 680.3991
942.6373 671.6524
313.0021 667.5914
1316.4502 666.908
651.9584 663.5916
436.6265 650.4908
1068.7336 646.3042
1039.4868 635.929
720.7866 630.3697
1321.0962 630.1244
1280.0518 600.823
707.02 602.0044
995.1607 600.202
531.7515 600.3125
258.3898 599.1857
921.1141 594.3705
1252.8387 585.2079
52.5015 586.9876
942.3615 578.5167
313.5346 574.5854
1315.4076 573.6066
651.7559 570.5681
436.7294 557.3734
1068.6428 553.0601
1038.9983 542.8146
720.6975 537.4371
1320.5642 537.2152
1336.1724 512.9019
1293.8052 509.3406
670.5972 510.2077
500.9907 508.9738
1253.728 498.2819
429.0177 498.2461
456.1004 490.1151
618.4931 493.7467
335.2853 495.0173
1098.8113 488.2251
154.5603 490.3575
1167.7374 487.5022
1300.4739 471.496
592.4705 466.1071
1258.5105 467.4973
1282.3943 465.8715
1027.2389 460.08
58.2146 459.1822
378.9703 451.2545
369.9724 447.2201
1186.8602 446.4604
1335.6709 420.3628
1293.411 416.8561
500.8499 416.8488
1253.3518 405.8646
429.1442 405.7611
618.5966 401.5035
456.0856 397.8163
335.6508 402.8773
1098.6378 395.9861
154.8058 398.0179
1167.3711 395.3873
1299.884 379.2393
592.365 374.1221
1281.5798 373.009
1027.5491 368.1173
58.719 366.5085
379.1795 359.0807
370.2608 354.5953
1186.5028 354.2553
892.8201 337.0934
990.9213 331.8418
690.4492 329.6775
86.3147 330.0538
1038.358 325.2022
1021.7274 322.4445
1300.08 313.6209
364.2231 307.4935
1386.2152 308.5049
1260.0591 302.8754
976.9974 304.2893
162.7009 305.7296
1114.7123 297.9781
711.6351 296.7254
1062.6405 295.4761
463.7263 287.4373
1356.7802 265.4778
1277.6987 268.8245
415.357 265.3309
892.5814 245.9121
990.6896 240.476
690.4371 238.2993
85.8321 237.9092
1038.2301 233.834
1021.6068 230.8642
1299.8271 222.0447
364.0954 216.0573
1385.627 216.8671
976.9159 212.7199
162.8021 214.523
1259.8848 211.387
1114.6433 206.5551
711.4585 205.3162
1062.3224 204.0757
463.7118 196.2128
1277.4933 177.6454
1356.5341 173.9776
415.4569 173.9821
139.9948 158.9768
1297.7893 146.7252
1360.5226 143.0119
1129.7036 134.5795
793.6291 128.6438
860.7137 159.041
870.3106 126.0707
721.7687 121.4993
1183.7012 122.9812
785.0209 120.7148
1085.9164 109.9427
486.6098 106.8791
1205.559 102.7937
178.7383 102.1043
1078.8318 92.402
633.6556 93.1123
139.5816 67.702
1297.7953 55.8581
1359.9304 51.2456
1221.2384 838.8813
870.1559 35.1905
721.7372 30.5002
1183.8293 31.8262
784.4778 30.3058
1151.4487 822.9979
1018.8314 830.8198
599.7914 807.9076
1175.3735 792.912
1255.7433 788.8339
