81.0966 30.1255
198.2492 14.7176
1369.0029 13.3032
1376.1477 851.1727
997.9845 844.1431
926.7273 844.9739
564.2216 819.77
397.4436 820.7522
1353.8125 781.6527
896.3297 780.4674
550.3548 776.9229
848.2 768.6518
1375.3811 755.4143
607.7086 754.6669
997.6118 748.7432
926.4523 749.5731
115.8526 750.7174
397.4042 725.6222
564.6619 724.7061
1317.4679 686.2953
43.5089 687.4656
1094.8842 681.7949
420.644 653.6624
369.0742 651.3895
856.8643 648.62
511.9888 630.4109
1393.5065 627.8218
1316.9514 591.7076
43.8278 592.8021
1094.5297 587.4147
420.5862 559.4177
369.2061 557.1385
856.632 554.4287
512.238 536.545
1392.9973 533.7712
1072.0066 523.4951
386.215 518.4395
519.137 518.4946
432.9956 517.0059
374.1812 511.2115
472.3455 512.1863
1107.6764 507.8644
389.3282 491.0664
49.2742 480.8344
117.1649 470.9081
1097.6154 464.8307
656.2543 455.6824
386.5234 424.8839
519.1782 424.7703
433.0941 423.4304
374.2299 417.6901
1107.3831 414.6159
389.5765 397.6469
49.6874 387.1874
1097.4908 371.6388
655.8825 362.8011
652.8802 334.9803
369.9919 322.2979
32.9957 329.6062
595.8055 295.4817
376.156 300.3178
141.7667 299.4791
196.5392 297.5016
991.3536 290.4456
932.9907 279.0146
892.8423 277.8492
652.7975 242.4234
370.2088 229.9546
33.1166 236.5494
595.8075 203.0183
376.0432 207.9389
141.526 207.0012
196.4282 204.6544
991.432 198.4772
275.7083 195.0062
892.6221 185.3381
218.482 157.3246
78.7366 144.6985
1055.2441 133.6664
1274.7319 131.6351
81.1338 122.1163
1326.7853 123.5555
722.5707 121.4934
198.0259 106.8043
1368.9783 105.5102
31.1819 85.5493
218.2699 65.2165
78.9017 52.7307
1055.2047 41.6514
1274.6558 39.6399
1326.9521 31.5088
722.5654 29.4127
607.4834 849.9052
