81.1759 30.0024
198.2603 14.5531
1368.4189 13.7413
926.5309 844.6143
397.0056 820.7092
564.3703 819.5545
1353.7882 781.7283
896.3099 780.3851
550.1934 776.7813
848.0215 768.7026
607.5773 754.6047
1375.1455 755.1511
997.5764 748.7053
926.2891 749.3884
397.6924 725.9458
564.5036 724.501
1317.4143 686.2706
43.4079 687.3591
1094.798 681.7512
420.6866 653.7866
369.0547 651.2659
856.7502 648.4749
512.033 630.3889
1393.2964 627.982
1316.928 591.7394
43.981 592.5401
1094.4653 587.3692
420.6082 559.415
369.3009 557.052
856.5093 554.2974
512.0859 536.3953
1392.7681 533.5978
1072.1708 523.3953
386.3236 518.1362
519.1211 518.2177
432.9982 516.9656
374.1741 511.0374
389.2851 491.0974
49.4696 480.8808
1097.6191 464.7982
655.995 455.9879
386.0433 424.7531
518.6342 424.7453
433.0013 423.4878
374.2311 417.5108
1107.224 414.4014
389.2135 397.5113
49.7863 387.0867
1097.4227 371.6077
655.8809 362.8621
652.8121 334.9669
369.9992 322.3249
33.0105 329.5253
595.9432 295.4427
376.0748 300.2474
141.626 299.6078
196.9918 297.0341
991.1245 290.6707
892.8746 277.8795
652.6814 242.4687
370.2016 229.9008
33.1215 236.48
595.7791 202.9623
376.0563 207.8412
142.0009 206.7022
196.8323 204.8252
991.1135 198.3082
893.1153 185.1611
630.7781 170.9014
218.5528 157.3667
78.8399 144.4758
1055.244 133.7052
1274.7391 131.5843
81.1695 122.0223
1326.8254 123.3563
722.657 121.4131
198.1695 106.567
1368.9899 105.2937
31.1283 85.3983
218.1223 65.3994
78.7628 52.3494
1055.1874 41.7779
1274.6752 39.6855
607.6074 850.1255
1326.6981 31.4678
722.5148 29.3326
997.9062 844.181
