81.0896 30.1507
198.146 14.6961
1368.853 13.4688
926.7123 844.9897
397.2057 820.9835
564.3574 819.7581
1353.8009 781.7241
896.3447 780.4598
550.2933 776.887
847.8929 768.8403
607.563 754.8497
1375.4619 755.4812
997.6138 748.7633
926.5033 749.5636
397.4973 725.5309
564.5151 724.7191
1317.4751 686.299
43.5096 687.4662
1094.881 681.8046
420.6307 653.8414
369.0443 651.3809
856.8753 648.5914
512.0583 630.4064
1393.5084 627.982
1316.954 591.7282
43.7627 592.6669
1094.5271 587.412
420.5767 559.3289
369.2288 557.1253
856.7255 554.4504
512.0972 536.4849
1392.994 533.6921
1072.0066 523.4952
386.0979 518.511
519.114 518.3602
432.9957 517.0059
374.1989 511.217
389.2596 491.0244
49.2957 480.8113
1097.6522 464.8434
656.3473 455.6479
386.4372 424.9308
518.9228 424.9047
433.1936 423.4907
374.239 417.5893
1107.193 414.8106
389.485 397.6849
49.6656 387.1631
1097.4358 371.6069
656.0034 362.5368
652.8649 334.9961
369.9786 322.3045
32.9992 329.5776
595.804 295.4776
376.1325 300.3069
141.6624 299.623
196.7079 297.4989
991.2191 290.482
892.9891 277.9934
652.7736 242.4355
370.132 229.9141
33.1116 236.56
595.8004 203.0353
376.0666 207.9091
141.638 206.9216
196.6167 204.6355
991.2407 198.3392
892.6321 185.3785
630.7471 170.7955
218.3914 157.3455
78.7613 144.6213
1055.2186 133.6939
1274.7209 131.6188
81.1616 122.0701
1326.954 123.4956
722.5551 121.5048
197.8817 106.8292
1368.9781 105.5098
31.0861 85.4434
218.4395 65.3501
78.8565 52.5837
1055.1794 41.6796
1274.6748 39.6484
607.4471 849.8857
1326.8636 31.4924
722.5517 29.4012
997.9899 844.1334
