81.0965 30.1254
198.2492 14.7177
1369.0029 13.3033
607.4835 849.9055
997.9846 844.143
926.7273 844.9738
564.1885 819.8297
397.4439 820.752
1353.8126 781.6525
896.3295 780.4676
550.3228 776.905
848.0182 768.5284
1375.3811 755.4142
607.7071 754.6681
997.6118 748.7432
926.4253 749.553
564.6619 724.7061
397.4042 725.6222
1317.4679 686.2952
43.5096 687.4662
1094.8798 681.7924
420.644 653.6624
369.0742 651.3896
856.8643 648.6199
511.989 630.4104
1393.5062 627.8215
43.7699 592.7501
1094.5298 587.4146
1316.9514 591.7075
420.5862 559.4177
369.2061 557.1385
856.6318 554.4282
512.238 536.545
1392.9976 533.7716
1072.0066 523.4952
386.2145 518.4395
519.2613 518.4786
432.9957 517.0059
472.3456 512.1863
374.2149 511.1854
1107.7048 507.7006
389.3282 491.0666
921.3038 482.4316
49.2553 480.8368
1097.6154 464.83
656.2542 455.6829
386.5233 424.8839
519.1781 424.7703
433.0942 423.4298
374.2299 417.6901
1107.3827 414.6161
389.5766 397.6469
49.6876 387.1885
1097.491 371.6388
655.8824 362.8013
652.8793 334.9823
369.9837 322.2787
32.9959 329.6061
595.806 295.4849
376.1558 300.3181
141.7667 299.479
196.5391 297.5017
991.2611 290.3468
892.8417 277.8488
652.7888 242.4305
370.1971 229.9272
33.1036 236.5443
595.8051 203.0174
376.0434 207.9397
141.5258 207.0013
196.4284 204.6543
991.4321 198.4773
275.7083 195.0063
892.6224 185.3381
218.4821 157.3246
78.7366 144.6986
1055.2443 133.6666
1274.7319 131.6351
81.1338 122.1161
1326.7853 123.5555
722.5707 121.4934
198.0259 106.8043
1368.9783 105.5103
31.1811 85.5497
218.2694 65.2167
78.9017 52.7307
1055.2047 41.6515
1274.6558 39.6399
1326.952 31.5087
722.5654 29.4128
1376.1477 851.1727
