         1        4.312081E-05        6.601889E-05        7.307694E-06         0        7.888053E-01
         1        1.015171E-04        8.791273E-05        1.458612E-05         0        1.088593E+00
         1        2.791698E-03        2.932523E-03        1.517037E-04         1        2.531908E+00
         1        1.192985E-02        1.068540E-02        9.229747E-04         1        5.251788E+00
         1        5.287653E-05        6.721684E-05        2.643827E-06         1        8.508403E-01
         1        9.205862E-05        8.385910E-05        4.602931E-06         1        1.076691E+00
         1        0.000000E+00        1.670288E-05        0.000000E+00         0        2.943994E-01
         1        0.000000E+00        3.659031E-05        0.000000E+00         0        3.927520E-01
         1        0.000000E+00        5.408325E-05        0.000000E+00         0        5.157382E-01
         1        0.000000E+00        5.358452E-06        0.000000E+00         0        1.108532E-01
         1        8.995519E-06        8.111658E-06        6.444213E-07         1        1.471479E-01
         1        1.162637E-06        4.979487E-07        9.749399E-07         1        8.377491E-02
         1        9.415514E-06        5.358452E-06        4.707757E-07         1        1.108532E-01
         1        1.014386E-05        8.111658E-06        5.096313E-07         1        1.471479E-01
         1        7.255788E-06        9.973655E-06        6.386042E-07         1        1.790356E-01
         1        9.598988E-06        1.231237E-05        2.605849E-06         1        2.132229E-01
         2        3.543944E-05        3.557579E-05        3.753707E-06         0        1.061834E+00
         2        6.179301E-05        5.959350E-05        8.992328E-06         0        1.465387E+00
         2        2.710618E-03        2.813660E-03        1.398080E-04         1        3.408274E+00
         2        1.141392E-02        9.833884E-03        9.461348E-04         1        7.069585E+00
         2        3.719315E-05        3.591679E-05        1.918345E-06         1        1.145341E+00
         2        5.224737E-05        5.342770E-05        2.612369E-06         1        1.449365E+00
         2        8.039961E-06        1.279857E-05        1.603199E-06         1        3.962996E-01
         2        0.000000E+00        2.072052E-05        0.000000E+00         0        5.286949E-01
         2        0.000000E+00        2.576042E-05        0.000000E+00         0        6.942502E-01
         2        0.000000E+00        2.665981E-06        0.000000E+00         0        1.492227E-01
         2        4.142154E-06        3.637805E-06        6.336823E-07         1        1.980801E-01
         2        2.169372E-06        1.794951E-06        1.323963E-06         1        1.127718E-01
         2        3.099394E-06        2.665981E-06        4.842929E-07         1        1.492227E-01
         2        3.619642E-06        3.637805E-06        8.024024E-07         1        1.980801E-01
         2        6.876301E-06        4.469201E-06        1.128177E-06         1        2.410050E-01
         2        4.333616E-06        5.269979E-06        4.241047E-06         1        2.870255E-01
         3        2.171135E-05        3.551398E-05        4.499301E-06         0        7.985649E-01
         3        4.000731E-05        3.798556E-05        9.322568E-06         0        1.102062E+00
         3        2.119671E-03        2.080913E-03        1.464217E-04         1        2.563234E+00
         3        1.126769E-02        1.150374E-02        9.547691E-04         1        5.316767E+00
         3        2.261846E-05        3.581783E-05        1.895746E-06         1        8.613674E-01
         3        3.401453E-05        3.761063E-05        1.700726E-06         1        1.090013E+00
         3        7.880141E-06        9.237681E-06        1.085053E-06         1        2.980419E-01
         3        0.000000E+00        2.049356E-05        0.000000E+00         0        3.976114E-01
         3        2.443846E-05        2.921035E-05        2.633513E-06         1        5.221193E-01
         3        0.000000E+00        3.020238E-06        0.000000E+00         0        1.122247E-01
         3        6.899637E-06        4.432320E-06        3.449819E-07         1        1.489685E-01
         3        1.312132E-06        3.196886E-07        8.974299E-07         1        8.481143E-02
         3        7.038711E-06        3.020238E-06        3.841360E-07         1        1.122247E-01
         3        6.633835E-06        4.432320E-06        5.299733E-07         1        1.489685E-01
         3        5.366910E-06        5.511446E-06        6.715644E-07         1        1.812507E-01
         3        7.391130E-06        6.792681E-06        2.297739E-06         1        2.158610E-01
