1000.0 2000.0 3000.0 
1.0 6.0 11.0 16.0 21.0 26.0 31.0 36.0 41.0 46.0 51.0 56.0 61.0 66.0 71.0 76.0 81.0 86.0 
1.0 6.0 11.0 16.0 21.0 26.0 31.0 36.0 41.0 46.0 51.0 56.0 61.0 66.0 71.0 76.0 81.0 86.0 
1.069175570217751172e-03 3.669852960847271137e-04 1.014350045383206406e-04 5.987249117450656313e-05 4.312212575701170194e-05 3.252411124439179990e-05 2.928968321167103845e-05 2.226984071397303375e-05 2.035797809487078724e-05 1.704877345921003337e-05 1.114855277785294480e-05 4.509346798365188833e-06 1.721202836677189382e-05 1.202151121667827523e-05 6.179445229328338908e-06 9.042852759911425989e-07 3.595574565066138336e-06 3.546544060293464308e-06
3.025123873180202150e-02 1.542051244351141243e-02 4.628092036124057188e-03 2.267795726328092690e-03 1.619332411110169147e-03 1.225731811531660751e-03 9.858451597318286259e-04 8.076626362871230404e-04 6.675205321907374482e-04 5.585226673916712141e-04 4.652595720370664091e-04 3.910304692250997491e-04 3.166843275540310101e-04 2.411185203724882818e-04 1.910273804813459187e-04 1.324892611894684213e-04 9.144104965198297222e-05 2.359312528195304083e-05
6.904451882494717918e-02 5.211551366639978478e-02 2.437848724372019063e-02 9.762395871854638932e-03 5.888696128105239645e-03 4.369577701671023724e-03 3.437622912385179547e-03 2.788512798380910797e-03 2.290487843819286485e-03 1.904769886646625861e-03 1.586844268633480493e-03 1.319291979312357550e-03 1.061260449065197422e-03 8.337326483508251821e-04 6.392190800115436214e-04 4.637723809242977379e-04 2.823219238026707903e-04 1.220548803322872453e-04
1.026027059695621413e-01 9.235309454065884771e-02 6.555613046955696688e-02 3.277451535513460634e-02 1.554138884356750204e-02 1.019024845398349560e-02 7.746979256177166477e-03 6.172276253913427588e-03 5.033608879762180820e-03 4.151796100244743194e-03 3.441939609937085844e-03 2.825702193010470702e-03 2.299276006542624786e-03 1.808689184537022208e-03 1.382052076677323495e-03 9.784097232137412437e-04 6.277653252333662438e-04 2.703744260589451063e-04
1.416389392638635614e-01 1.323575068117017195e-01 1.112095084182642829e-01 7.782981713943155910e-02 4.125939210356365655e-02 2.162966984636287976e-02 1.480386056542306109e-02 1.141473640418500315e-02 9.147266789213626126e-03 7.474723276103194952e-03 6.125368322904993501e-03 5.006560615097507827e-03 4.049776821486962379e-03 3.197525616941261639e-03 2.420917325277163138e-03 1.711233517865596698e-03 1.069206519254267468e-03 4.658689809677883154e-04
1.830835163192451875e-01 1.753579483351527524e-01 1.565928462576265945e-01 1.279541682724716356e-01 8.949942601176068269e-02 4.960755393510958566e-02 2.772579326369626479e-02 1.948145782708745125e-02 1.511671310312350837e-02 1.210700142696892120e-02 9.828270730192921814e-03 7.967965771128335262e-03 6.409919668303678056e-03 5.030346912798307202e-03 3.803016990505031503e-03 2.694727912434969220e-03 1.662968019125242534e-03 7.211494989937282038e-04
2.281901869818958595e-01 2.209923325493614032e-01 2.040212069980284482e-01 1.776602483272338717e-01 1.430589472531991202e-01 1.004436396228903516e-01 5.765956404885645703e-02 3.367276593124979983e-02 2.399590957785063122e-02 1.863235080832845170e-02 1.485049641292266950e-02 1.192498184499888626e-02 9.503088759166496841e-03 7.425621811019745590e-03 5.598351642464792846e-03 3.943371621451108658e-03 2.433867938475033511e-03 1.038655703039757577e-03
2.757711737246077988e-01 2.693004186098828523e-01 2.533118975624513713e-01 2.286104561193488816e-01 1.959934651326584176e-01 1.565775710249401875e-01 1.104850525961560970e-01 6.511343494519128416e-02 3.915442361347547251e-02 2.810903074702908455e-02 2.174218090379154145e-02 1.713858521565285106e-02 1.351531039329310034e-02 1.047825869389572805e-02 7.847019062127612299e-03 5.507368858597838125e-03 3.391048850799682247e-03 1.449783893093214244e-03
3.255043652457956793e-01 3.194631724425210373e-01 3.041767376452341187e-01 2.806505737673563039e-01 2.495704016147520798e-01 2.117477105053338082e-01 1.682308271114297538e-01 1.192016744711015402e-01 7.168679778086430032e-02 4.396693195854085162e-02 3.158833457796990374e-02 2.418899299475970460e-02 1.875874757335897758e-02 1.437831171170033707e-02 1.068569223937967591e-02 7.457191814840908456e-03 4.568419145730528118e-03 1.944764012854142098e-03
3.766559025532673632e-01 3.704702679186346881e-01 3.560052521002266546e-01 3.334531335387400097e-01 3.034186469162059030e-01 2.667505328017689692e-01 2.244480117386351836e-01 1.775939758035336435e-01 1.262479173294336066e-01 7.703019948836847819e-02 4.775717036894878281e-02 3.412816483008723062e-02 2.571089061836438067e-02 1.938254862560273573e-02 1.425989886440364937e-02 9.877955185637754196e-03 6.016642174480404080e-03 2.553296936348533469e-03
4.282727212212991130e-01 4.219046294909775119e-01 4.080663708856808181e-01 3.862079755682443771e-01 3.568536451358598205e-01 3.210037615252206433e-01 2.796134983278261710e-01 2.336505397835184072e-01 1.841181325100379185e-01 1.310866039941223637e-01 8.071319059424135467e-02 5.023155443164289968e-02 3.540951259131382839e-02 2.598790772345339548e-02 1.881364870233752720e-02 1.289704466718907989e-02 7.786965389596845963e-03 3.272744031658674120e-03
4.778171633659984430e-01 4.732531980348797518e-01 4.593678784887239575e-01 4.377040641086951678e-01 4.089547571202271636e-01 3.737251399207701108e-01 3.329643027573653824e-01 2.875886399887248590e-01 2.386656927225734859e-01 1.872297998327848989e-01 1.331920964219850401e-01 8.233267286010043096e-02 5.097833881030654213e-02 3.515304574054060882e-02 2.478386927814853202e-02 1.670469086571822401e-02 9.981006830576157063e-03 4.162637761506477949e-03
5.297647987923691515e-01 5.224464749230082194e-01 5.082846934121192373e-01 4.867896120419205608e-01 4.584100737920054902e-01 4.237028969819451318e-01 3.833269575716555244e-01 3.383700685694420729e-01 2.898851891268600656e-01 2.388065086578354257e-01 1.861954154034761999e-01 1.319981401314859193e-01 8.139076868405112353e-02 4.965765958151269893e-02 3.295469062504974983e-02 2.166150427205051215e-02 1.274560585563361617e-02 5.252062275364790915e-03
5.711065696208347253e-01 5.666352744350300341e-01 5.531176957138763672e-01 5.319173613696175362e-01 5.038288297723911846e-01 4.693232703534328532e-01 4.293043163060383249e-01 3.847056856801393532e-01 3.364328215292651247e-01 2.856623178590618206e-01 2.333156364981068542e-01 1.803935180118070025e-01 1.268990441029966276e-01 7.740676989331027325e-02 4.577895638832652631e-02 2.839248179762590349e-02 1.629554924609446370e-02 6.621173850712543975e-03
6.114600118061306322e-01 6.051656975588952658e-01 5.921250077023393343e-01 5.715771331649140974e-01 5.435304498860215050e-01 5.091522343635666026e-01 4.694452089638088133e-01 4.250371653085868728e-01 3.770332373424118422e-01 3.263579286902840160e-01 2.741808948310927030e-01 2.214174021924329439e-01 1.690405946086882549e-01 1.171543047093710627e-01 6.970734944510717512e-02 3.877529350323031393e-02 2.104540265637259641e-02 8.350968881285959419e-03
6.417537898091801862e-01 6.372988081453289100e-01 6.243976693513098031e-01 6.035551715096764136e-01 5.758481628880656178e-01 5.418602446056653976e-01 5.021811876562564114e-01 4.579463777426144855e-01 4.099964054018790383e-01 3.594700000156740849e-01 3.073234956083198965e-01 2.546392654406197109e-01 2.023849572872070124e-01 1.515000302261738929e-01 1.022226031553898351e-01 5.780220727719870277e-02 2.830763270580497273e-02 1.061500402764840173e-02
6.681452078436592723e-01 6.618420246977313459e-01 6.477484280905347891e-01 6.269103417656493038e-01 5.995115611532907396e-01 5.655395893571212307e-01 5.260223543604723995e-01 4.817868466002400152e-01 4.340016298329939515e-01 3.835435193689170075e-01 3.314576004156087330e-01 2.788052860814172473e-01 2.266229321265777474e-01 1.758471132506636003e-01 1.274028135269328343e-01 8.173664587669834947e-02 4.139451637496072839e-02 1.409642041098478280e-02
6.808300970764343818e-01 6.746908090836141181e-01 6.613632661072560426e-01 6.408827961803427176e-01 6.131647972020646264e-01 5.793371918491180272e-01 5.399096239892304805e-01 4.958776478766567797e-01 4.481049061245832577e-01 3.976552531817509339e-01 3.455741001647291144e-01 2.929444209644595509e-01 2.407698784631336353e-01 1.900517762327957327e-01 1.417157745481516518e-01 9.665856166131818472e-02 5.549023182241590718e-02 2.026795194020290097e-02
1.637802267001984972e-04 7.695138897769539287e-05 -6.133618215849261416e-07 -4.279218085011322184e-06 4.991003017411355181e-06 6.440538771346981681e-06 7.476532057984734290e-06 6.973854629969983067e-06 4.028905173892737683e-06 2.452188209392362501e-06 1.991888371058044413e-06 1.652011372739821004e-06 4.041561870954504853e-06 1.527686055188230335e-06 3.003814580740956357e-06 -7.694369192556644878e-07 2.177869982065598990e-06 -1.190643409509695198e-06
4.338419796113002387e-03 2.258590202488044117e-03 1.945467024627492414e-04 -1.010611725761019687e-04 1.488567784255371087e-04 2.327641778121030910e-04 2.504020609790368621e-04 2.522562532539738005e-04 1.938297562010618828e-04 9.664611883464739985e-05 3.992560752551658283e-05 6.083740700981953822e-05 9.226875724376455137e-05 8.677410909501590507e-05 5.259771350021814131e-05 2.783514402010309462e-05 1.254507545030711218e-05 -1.036448520950065755e-08
5.761880097239931858e-03 4.074761252030478613e-03 1.440475005449327493e-03 1.865900794536318934e-04 4.110558616196650613e-04 7.568108975608426117e-04 8.490158590060618675e-04 8.011418371935061494e-04 6.159529316682895144e-04 3.597290548389656009e-04 2.067057865872622103e-04 2.178585404584601850e-04 2.765613697819250074e-04 2.648919208739132112e-04 1.862677427655195519e-04 1.005246480111944698e-04 4.483089076473766282e-05 1.250637963261812064e-05
2.028469161714714728e-03 2.848277846198027201e-03 3.019849841124175316e-03 1.841085977901318416e-03 1.190500452132989837e-03 1.504186257844325339e-03 1.741371388606510707e-03 1.591323594428531527e-03 1.237069090551250888e-03 8.597990454536158728e-04 6.026410751724265574e-04 5.179655045910180628e-04 5.246451450519288174e-04 4.990684312710123643e-04 3.886977784255294071e-04 2.380249319289610944e-04 1.164992076396349481e-04 4.159204921799898407e-05
2.673980925385290811e-03 3.135409068574036666e-03 4.140926339683530938e-03 4.462300758674065185e-03 3.511659099407843810e-03 2.820241799565185569e-03 2.783617573304186625e-03 2.577018978102452694e-03 2.107581360089744345e-03 1.638267342147222338e-03 1.261716561077275969e-03 1.008606846585966693e-03 8.648431673475202950e-04 7.659970840007269792e-04 6.345445907099242413e-04 4.385967205901886742e-04 2.474058477496237220e-04 9.870573385598887346e-05
7.898644778698594993e-03 7.671816078075486753e-03 7.453814148510671221e-03 7.589110606094920386e-03 7.159882935304065325e-03 5.591962627604506360e-03 4.286616016538829371e-03 3.744302838234588645e-03 3.268324017160206384e-03 2.702127651232521816e-03 2.169698242612765234e-03 1.728390049130796875e-03 1.365991067786086416e-03 1.119779323337334988e-03 9.016189021363587523e-04 6.817526926872458743e-04 4.313485298113204302e-04 1.809905310063255398e-04
1.527717991156390780e-02 1.498456400666246628e-02 1.416108878147058839e-02 1.283543432609171413e-02 1.139972589220406528e-02 9.580818209938928715e-03 7.205320953012140858e-03 5.490141664101313469e-03 4.701895524279808142e-03 4.055431464502235253e-03 3.332287407374339740e-03 2.656544208349703642e-03 2.067971491317880522e-03 1.620779622780863698e-03 1.238092621249214714e-03 9.370332806194982180e-04 6.320431440056379193e-04 2.999112804198520344e-04
2.514558015244428360e-02 2.452662185696677377e-02 2.286384697087945339e-02 2.017749304883131520e-02 1.698953813924101303e-02 1.414044419348578149e-02 1.151935763302659559e-02 8.754954407663271751e-03 6.743910306968664559e-03 5.660117220928954918e-03 4.757172374016371309e-03 3.835893759272988607e-03 2.998422991681576853e-03 2.287089924514100654e-03 1.705169018985133863e-03 1.236071126130815255e-03 8.290316444236230098e-04 3.731450847182909958e-04
3.629544247149110725e-02 3.489691305153583278e-02 3.188469552840796778e-02 2.803440501968271215e-02 2.395075262894363899e-02 2.002678742175398319e-02 1.662102275582253222e-02 1.345653401160625331e-02 1.024224795962800499e-02 7.848371859347858318e-03 6.429870817046657618e-03 5.277128050250545765e-03 4.167844665176319817e-03 3.180975922174863330e-03 2.336945428239984267e-03 1.615759683263284525e-03 9.901202094346581335e-04 4.206905631064211237e-04
4.435766700910893923e-02 4.279011813748640619e-02 3.960034758402074945e-02 3.570363340708920113e-02 3.158473069802972266e-02 2.730440437361534439e-02 2.295553233461468390e-02 1.890967773874180358e-02 1.512134092984079164e-02 1.149703175855380614e-02 8.670497359290846306e-03 6.962200402480511578e-03 5.597395199744318976e-03 4.290058266222085415e-03 3.163020196875186187e-03 2.100864908505545563e-03 1.214366354819237503e-03 4.859133280639145024e-04
4.750993552515267448e-02 4.699876502800104383e-02 4.558150376335611681e-02 4.307000125878886199e-02 3.952849346969242172e-02 3.520241300445727667e-02 3.036620221693455204e-02 2.535478094331401755e-02 2.065632151729068083e-02 1.632048012323984026e-02 1.232204017367350725e-02 9.195081115885201523e-03 7.230837217135325720e-03 5.749427645859637136e-03 4.073536658547169051e-03 2.715533273864720407e-03 1.649155389460478646e-03 6.340612355117165736e-04
5.070136455347420967e-02 5.106323729968439973e-02 5.121379157166438406e-02 5.013413691227494584e-02 4.736279220706133414e-02 4.318137886457847768e-02 3.811333007435090819e-02 3.257511153095867668e-02 2.696631755420138624e-02 2.176840298824882225e-02 1.702508504620157265e-02 1.264930917622694197e-02 9.314885055535151309e-03 7.043809628543933749e-03 5.197785803003054581e-03 3.489783571592507908e-03 2.066481240979109284e-03 8.521550722625690320e-04
5.899695505984718646e-02 5.885357885419890273e-02 5.839560128825680568e-02 5.717348830971460960e-02 5.469646373331085720e-02 5.078202869585814877e-02 4.568375091060524612e-02 3.989956899922013356e-02 3.381852851059448384e-02 2.777053397359832351e-02 2.217602738622234324e-02 1.708478451522078140e-02 1.242078456936777063e-02 8.844559045633229935e-03 6.392836425069035357e-03 4.420407443496779561e-03 2.666797393986356391e-03 1.164920271251668540e-03
7.053316329166270382e-02 6.950164166850211767e-02 6.734552737045390591e-02 6.467480836854197501e-02 6.155804696027682155e-02 5.762455427125780238e-02 5.267461458208314712e-02 4.686438592854379886e-02 4.053873191772946333e-02 3.400999555713182104e-02 2.756422267734391640e-02 2.160003889307290231e-02 1.625293342764541279e-02 1.151167382809764952e-02 8.032918330594048667e-03 5.406009711186711766e-03 3.316638234991623607e-03 1.364522187904423749e-03
8.049596373005916961e-02 7.916547837445545022e-02 7.628390515829421015e-02 7.244632805947490151e-02 6.819106861951297616e-02 6.372206331021369741e-02 5.876196048899691438e-02 5.304046426788762425e-02 4.661789608671929735e-02 3.976646648347202662e-02 3.278145169419621752e-02 2.603605151875827001e-02 2.000008539168423097e-02 1.474824338249986974e-02 1.011521701350803597e-02 6.491592534578131783e-03 3.827287534190947950e-03 1.590215773807431617e-03
8.672975317717872279e-02 8.576417212325944395e-02 8.324131705195862707e-02 7.927652002941551479e-02 7.443988560067540949e-02 6.924795112733550528e-02 6.384906311198021434e-02 5.803082557381184642e-02 5.155083976714439076e-02 4.448414138451401573e-02 3.721368809624824719e-02 3.014202614154277982e-02 2.355131117589785716e-02 1.768328729550204190e-02 1.251031682302417014e-02 7.922453104630914483e-03 4.328242576947749498e-03 1.762881921262813645e-03
9.062802968044082752e-02 8.967394030916514547e-02 8.748291409254545237e-02 8.409249094150943182e-02 7.948852005030782042e-02 7.395735902570078901e-02 6.794180627317086829e-02 6.161454991952498156e-02 5.489475779905154951e-02 4.779317735877308682e-02 4.055247230497368433e-02 3.343259879606594320e-02 2.656375873079578828e-02 2.008343797479440751e-02 1.429873666645468770e-02 9.300965410274725231e-03 5.021572598749631661e-03 1.797324539243029670e-03
9.211083328368384338e-02 9.137464291399746696e-02 8.957850992508638310e-02 8.665973598793871857e-02 8.249689598654330602e-02 7.708853983168521828e-02 7.066972574723467959e-02 6.369233610895398690e-02 5.660491810572326754e-02 4.958703673481159452e-02 4.256809857802647951e-02 3.549265522977494008e-02 2.843754981386089828e-02 2.163692699186678739e-02 1.537660798059471007e-02 9.998238745591721613e-03 5.604560856575628754e-03 2.124258608576319943e-03
1.078966043989372281e-04 6.576652278934826351e-05 -2.959843680401612699e-06 -3.395529476229005905e-05 -2.103299808963927546e-05 -2.080840303121467308e-06 6.339814050149871247e-06 4.820964836562585742e-06 -5.361032761066570800e-07 -2.458788519225998592e-06 7.655153956961247761e-07 3.370078922713412778e-06 1.476869511853410723e-06 -4.530054410924385424e-07 -2.599364395196382642e-06 5.289982040504542408e-07 6.067153584860633636e-07 -5.649853599829987074e-07
3.174491949913716034e-03 1.799020447013082282e-03 -1.658291818645782074e-04 -1.053887441006761587e-03 -7.289112197343183613e-04 -1.148892044511224178e-04 1.860565831922858949e-04 1.602822688491589806e-04 1.488144197982064561e-05 -5.171569221884679296e-05 1.266334667344336220e-05 9.061220253968117245e-05 8.068809149172241212e-05 5.117523722534781871e-06 -4.302601552461899579e-05 -2.322835806484685142e-05 1.116065468370910694e-05 1.459192280557921429e-05
4.193641165787888314e-03 2.023617993777006557e-03 -1.210407727107222671e-03 -2.784429581795555900e-03 -2.108144945172093099e-03 -5.888169220128374251e-04 3.475849052044058013e-04 4.205605235232626627e-04 1.172570901767313901e-04 -4.846479406790854311e-05 6.191239478708332705e-05 2.256006930646470223e-04 2.082376047443226037e-04 4.418864251533743427e-05 -7.863147459449067352e-05 -5.962287838596730096e-05 1.215715832445929033e-05 3.011982225527876189e-05
-4.489742969023195578e-03 -4.479312451825259549e-03 -4.625895266536218103e-03 -4.536758898597960041e-03 -3.443843270108614546e-03 -1.548227363627938200e-03 5.903814241772905291e-06 5.261158456194745762e-04 3.657464641839069334e-04 1.698987233511107045e-04 1.982437235252799642e-04 3.112295658352642750e-04 2.938588693422301791e-04 1.305824273374334968e-04 -3.339656815602014565e-05 -7.575934398179354711e-05 -2.767747646331018471e-05 6.032064193807396299e-06
-1.808343919577532627e-02 -1.533629104477334838e-02 -1.067349545673469159e-02 -6.809504682936699457e-03 -4.454887586306147118e-03 -2.689700422171561762e-03 -1.012881502801714307e-03 1.886734715712237080e-04 6.353510248866037734e-04 5.985465625824164552e-04 4.586107174585471371e-04 3.714525822590565422e-04 3.204427455157139878e-04 2.316928428080581833e-04 9.369390416782029851e-05 -3.059082456228776270e-05 -7.416151681810870516e-05 -4.629813485617462432e-05
-2.392532667752614306e-02 -2.128225804832694495e-02 -1.586505200896409437e-02 -1.002946884363953295e-02 -5.963514952833335291e-03 -3.797586228093009254e-03 -2.237633567106205468e-03 -6.305740048995208498e-04 5.805048088132413412e-04 9.853565575865426418e-04 8.174771889645677820e-04 5.332340840748951011e-04 3.724873660295373139e-04 3.101256463277894280e-04 2.209619676780273764e-04 6.736075576391929362e-05 -6.004146940207726290e-05 -6.729674955711886146e-05
-1.872973104308842465e-02 -1.804826014273377965e-02 -1.610539962546897116e-02 -1.266386131383347505e-02 -8.596403703312348321e-03 -5.326792397223639730e-03 -3.214158036687877942e-03 -1.543595950987359860e-03 -1.774945004020338202e-05 9.453665914438985239e-04 1.121538870269348604e-03 8.525685727995051472e-04 5.573658657276551326e-04 3.912774316402361824e-04 2.912655611663886096e-04 1.711485326834016559e-04 5.136935401384039367e-05 -5.612232398234851133e-06
-9.618851402690207011e-03 -1.066784871726358767e-02 -1.229304738193730609e-02 -1.275278904770151336e-02 -1.088705076411037101e-02 -7.426800146896979718e-03 -4.267556719535183646e-03 -2.265596741529873892e-03 -8.701407742933898624e-04 3.378666672573414826e-04 1.089165695241828963e-03 1.191744871924561204e-03 8.926898253091986989e-04 5.625489815289067171e-04 3.620999481375745325e-04 2.738057629765456159e-04 2.131038590424013637e-04 1.080090459254696604e-04
-5.274313982246381545e-03 -6.521762839264266982e-03 -8.734832468253404467e-03 -1.053963333601143360e-02 -1.070025614309489358e-02 -8.805421456426123367e-03 -5.785719908239257171e-03 -3.213186549984567691e-03 -1.644633766707393700e-03 -4.946568591182493079e-04 5.682176493456407183e-04 1.208086675466207198e-03 1.214818659529409922e-03 8.664517618448794615e-04 5.510830794888442810e-04 4.070052728717294950e-04 3.263711097189488748e-04 1.765438784010393315e-04
-7.930681907836811123e-03 -7.718264331804928872e-03 -7.496321456867051369e-03 -7.635332732814160799e-03 -8.081621646382678922e-03 -8.116644425170892532e-03 -6.921065405805267544e-03 -4.683621713076698174e-03 -2.541113103730752078e-03 -1.195744829671675650e-03 -1.785108379961316302e-04 7.266310222379642261e-04 1.234988793625993279e-03 1.210833192802148513e-03 9.118607361893483207e-04 6.089872900936857967e-04 3.733821830245446951e-04 1.639483865914276761e-04
-1.064470257530181901e-02 -9.197089431860688141e-03 -6.781603509960746137e-03 -5.080065602566992758e-03 -4.941537943611796525e-03 -5.863658948504274146e-03 -6.501873888059554740e-03 -5.767356133273748332e-03 -3.866937399879073842e-03 -2.014739368221016812e-03 -8.471020351525995491e-04 2.138066748100975634e-05 8.337142211056658338e-04 1.325152648623167560e-03 1.275354303807506740e-03 8.745532574920498450e-04 4.404457070084884045e-04 1.458118488198705692e-04
-5.747739745553290952e-03 -5.102634226461889161e-03 -3.903209876325988269e-03 -2.925089782052164421e-03 -2.785537813556489793e-03 -3.546501738971602306e-03 -4.696327571867353959e-03 -5.352879810308483130e-03 -4.791566347185078137e-03 -3.219474442285017151e-03 -1.639412186364113842e-03 -5.774958633765808671e-04 2.571544206061475652e-04 9.944012089212082503e-04 1.309387150669518059e-03 1.082755371428660096e-03 6.162700040477274649e-04 2.253445109856881863e-04
4.255777089765082170e-03 3.034471623674574181e-03 9.603114797570108533e-04 -7.154435889808731476e-04 -1.515472526199285229e-03 -1.938935825521784749e-03 -2.652821372769063532e-03 -3.713498986656046767e-03 -4.460436610052245614e-03 -4.101970647028802854e-03 -2.690940611784692089e-03 -1.190649891732466518e-03 -2.402382791288111151e-04 3.727331796314776991e-04 8.582324181548785669e-04 1.041604489996897885e-03 8.233689773936108108e-04 3.789082300980076081e-04
9.429960676516014467e-03 7.755392914794481327e-03 4.614005727884478401e-03 1.648455298919814307e-03 -1.068135005287797413e-04 -7.725698431264181511e-04 -1.190858373330527667e-03 -1.999400029996347989e-03 -3.089208404754261329e-03 -3.738443927558264719e-03 -3.322401475207603302e-03 -2.075079228260803994e-03 -9.181040724453258788e-04 -2.788023548494494440e-04 1.735005249215215489e-04 6.258282449165538741e-04 7.729306022245233023e-04 4.465286488967370885e-04
5.822850442244309824e-03 5.571122904475324031e-03 4.797455580453026738e-03 3.415673563511593003e-03 1.798624365005152374e-03 5.019294113638488259e-04 -2.906315016305632219e-04 -8.532464973938496278e-04 -1.513586750248488259e-03 -2.309309413395911528e-03 -2.896206236447117655e-03 -2.785897792955761669e-03 -1.968342004128356606e-03 -1.049517148343166771e-03 -4.432718384069643156e-04 -3.024444994292114808e-05 2.475740643093500256e-04 2.155862814394735928e-04
2.104627250361960304e-04 1.255914947070639262e-03 2.901584860680883355e-03 3.774477779926994989e-03 3.251287402445202004e-03 1.845381494939686562e-03 5.934027518799011485e-04 1.232211455815460704e-05 -2.442557866195638368e-04 -8.181961339766379276e-04 -1.843476411807990845e-03 -2.744048019532411078e-03 -2.800398188647138659e-03 -2.023491377946257282e-03 -1.079419686450971451e-03 -7.820195069341389889e-04 -4.697113552109638763e-04 -2.826222523703756880e-04
-9.722094322683872379e-05 5.377454203472057824e-04 1.805114317250248231e-03 2.949561207796481694e-03 3.260487273662685242e-03 2.680449660417616540e-03 1.787280509352962400e-03 1.112254714697126804e-03 6.336403377052940520e-04 -2.060873043508556145e-05 -1.012505781232884506e-03 -2.092076743533771883e-03 -2.799685882818494630e-03 -2.812898305912760275e-03 -2.287021033478043881e-03 -1.741825942918084121e-03 -1.299480503762934789e-03 -6.665327941100671538e-04
3.337052334104381821e-03 2.914639885807840392e-03 2.256413379827974276e-03 1.988886638051094637e-03 2.323192956479244297e-03 2.848899888549196249e-03 2.912664900390915610e-03 2.242236830369958439e-03 1.145651709982917644e-03 1.107186942544280140e-04 -6.839665757447587705e-04 -1.428934470285905247e-03 -2.293134419398694217e-03 -3.089525124393093566e-03 -3.332968143849568930e-03 -2.764227799104004499e-03 -1.699266907509680742e-03 -6.550963294597916733e-04
