1000.0 2000.0 3000.0 
1.0 6.0 11.0 16.0 21.0 26.0 31.0 36.0 41.0 46.0 51.0 56.0 61.0 66.0 71.0 76.0 81.0 86.0 
1.0 6.0 11.0 16.0 21.0 26.0 31.0 36.0 41.0 46.0 51.0 56.0 61.0 66.0 71.0 76.0 81.0 86.0 
9.757316297294834836e-04 4.090000641338160090e-04 1.320402969746183345e-04 6.022068920663765923e-05 4.339807382829908558e-05 2.928079470710555010e-05 2.627958875735875033e-05 1.754086532400494334e-05 1.714778726323132769e-05 1.059178703059909595e-05 8.048737571777935107e-06 7.895575581532949413e-06 1.340710195807079463e-05 6.912949385169671940e-06 4.607142002228943698e-06 -2.686274195498956301e-06 9.780773661665832779e-07 1.790381075792019326e-06
2.788921204017181035e-02 1.615666562545189922e-02 5.702330471909671308e-03 2.414722000285482364e-03 1.586735452954639866e-03 1.123747455416528951e-03 8.479154738741313162e-04 6.600591398701566390e-04 5.123141185368886800e-04 4.054726627027924191e-04 3.247884983901799371e-04 2.669931079375519999e-04 2.070744599455185645e-04 1.512270748301302453e-04 1.134046758398018747e-04 8.048137162286190908e-05 6.013444424451093933e-05 2.807057080764298938e-06
7.137140219725537915e-02 5.382107193817728397e-02 2.666896009972055323e-02 1.095002123064946729e-02 5.880157640971384915e-03 4.054512269683681336e-03 2.990510290093872144e-03 2.287829428509242750e-03 1.777455286635012651e-03 1.400944054294009497e-03 1.121594978161127030e-03 8.979355976797937736e-04 6.980257074037034444e-04 5.170849237857350934e-04 3.935936340677020679e-04 2.867721819760314910e-04 1.696424951078565546e-04 6.810993014834304028e-05
1.113193666135965793e-01 9.859022873847875235e-02 6.856607047450727355e-02 3.507007533506445451e-02 1.632481048029200271e-02 9.666670927195456300e-03 6.851859429043824848e-03 5.125518542991874468e-03 3.949237320074586166e-03 3.098333603583241103e-03 2.453702850156845409e-03 1.934001153940000583e-03 1.518492695155330193e-03 1.156861665382387556e-03 8.622452054778528135e-04 5.959585004383034833e-04 3.832627196605325462e-04 1.687797996038725669e-04
1.525938153998591951e-01 1.423669538102204646e-01 1.179484305917138098e-01 8.052797859837297623e-02 4.276817844952596898e-02 2.156086312426228752e-02 1.342830989213924554e-02 9.673994412333563123e-03 7.307259166988410055e-03 5.664584582607049695e-03 4.432005224031757701e-03 3.468102288927354514e-03 2.708107298921915394e-03 2.075916210593344979e-03 1.525594235375281674e-03 1.051965335977120232e-03 6.512216862150693644e-04 2.825084594849223865e-04
1.971136201757138773e-01 1.880128759465213850e-01 1.664671073662668810e-01 1.336434452596964861e-01 9.083647828736818308e-02 4.972632614034142029e-02 2.642823252258376734e-02 1.699367124948797034e-02 1.235859935582844446e-02 9.360757870527836380e-03 7.229030458588968887e-03 5.612214096238359214e-03 4.355466875838927970e-03 3.309605986207670401e-03 2.435410485563281255e-03 1.704404189007533007e-03 1.025863135241089283e-03 4.382576316954575548e-04
2.430441248329676951e-01 2.349307608786657675e-01 2.155034918391150189e-01 1.855706940176467257e-01 1.464768118209005543e-01 9.963126591058894810e-02 5.596136581951697414e-02 3.090343733816503305e-02 2.025359697213661644e-02 1.478695301183821295e-02 1.118137453387049729e-02 8.590857922094210369e-03 6.577663427896315688e-03 4.983341109033126784e-03 3.662804485650274309e-03 2.532576765075330704e-03 1.538797141811246074e-03 6.524911735642598045e-04
2.898081108191735700e-01 2.824259701931525757e-01 2.645061338141919682e-01 2.368391349695149473e-01 2.005180742873172994e-01 1.568548662457753817e-01 1.070530731230930482e-01 6.135775245866102040e-02 3.479405354633342828e-02 2.307714847271187183e-02 1.684860267713376644e-02 1.265363152941382900e-02 9.583961683256890518e-03 7.191403158674984468e-03 5.243217650628646982e-03 3.608075989974021246e-03 2.190288364387652301e-03 9.302841937527041739e-04
3.360525240225691324e-01 3.292472384150655351e-01 3.125755639892791593e-01 2.869286640879299966e-01 2.531016546786243882e-01 2.120492874958662677e-01 1.649318967104123623e-01 1.129693416838750686e-01 6.583579405454099975e-02 3.806687197292141916e-02 2.539076449258922952e-02 1.843247236510581546e-02 1.368990575842349289e-02 1.013131960865644790e-02 7.320655661304668708e-03 5.005742964471746048e-03 3.027545753572028972e-03 1.278947991211219336e-03
3.804228476396647740e-01 3.740537627932993825e-01 3.588526741139624887e-01 3.352092656424606743e-01 3.036072892755570241e-01 2.648854000629065619e-01 2.201826594713709451e-01 1.706606594153111112e-01 1.173521915014639205e-01 6.927739719346970304e-02 4.054360974791518246e-02 2.704796059969984817e-02 1.940892498840163932e-02 1.408258163316732266e-02 1.005727230962292183e-02 6.824524895231328520e-03 4.092961101654375884e-03 1.721386669366055952e-03
4.225702998868681726e-01 4.165034639188446297e-01 4.028005351501395825e-01 3.808493414771924601e-01 3.511538082211231315e-01 3.146401922177404775e-01 2.722598481624811662e-01 2.250626546361939595e-01 1.739812945376350839e-01 1.199788777698892195e-01 7.149914628011483364e-02 4.211731458860688143e-02 2.786970706324420205e-02 1.959441244034647311e-02 1.373951969269140462e-02 9.200505135084737982e-03 5.469870256426746964e-03 2.286360866548062774e-03
4.615765132667212778e-01 4.570115036608687897e-01 4.437424379072037461e-01 4.228797938358541675e-01 3.949589492679991265e-01 3.605512868679195404e-01 3.204710795816184676e-01 2.754078896726370740e-01 2.264910389914229216e-01 1.746907774618734199e-01 1.206564549169663186e-01 7.228854918695959419e-02 4.254683186606929984e-02 2.772158145042378022e-02 1.884444752434887710e-02 1.237236363710441170e-02 7.269215431202678476e-03 3.011369629468488469e-03
5.007224495966433597e-01 4.939475269239544941e-01 4.806527303631478731e-01 4.606792101094015490e-01 4.343296454931860895e-01 4.019469501307417758e-01 3.638053457814213187e-01 3.209098727501307202e-01 2.741318500520274482e-01 2.243144507871161764e-01 1.724261655406125193e-01 1.190742721878969568e-01 7.138175793503927224e-02 4.161297333096936057e-02 2.626090844290124293e-02 1.675560258194210006e-02 9.676751056318043040e-03 3.958652416981173552e-03
5.285446035766930839e-01 5.245917625070972701e-01 5.125402199142338189e-01 4.936870288066614321e-01 4.687637930092509175e-01 4.377822541176878968e-01 4.015401022177098045e-01 3.607101334790095426e-01 3.158941109732173458e-01 2.680703110285828639e-01 2.180976233752074389e-01 1.668207574950247296e-01 1.147676360412088203e-01 6.832095163533101478e-02 3.883503317985973619e-02 2.306668406081061745e-02 1.294483401230191177e-02 5.206276531490182727e-03
5.548834144200209817e-01 5.494947162746649516e-01 5.387158722528107013e-01 5.215102546314487331e-01 4.973896503518466239e-01 4.677083169592229361e-01 4.331417656221983603e-01 3.939784032249935009e-01 3.510295175798945899e-01 3.050001522027712131e-01 2.567883764996153895e-01 2.072233704569560186e-01 1.571152730576496903e-01 1.069959237413022346e-01 6.245367240030712253e-02 3.363438573711373392e-02 1.760723879237689402e-02 6.888762021957611607e-03
5.729107633680252665e-01 5.699315420282444755e-01 5.598378304828739438e-01 5.426498951680319704e-01 5.197653929278013285e-01 4.914369907536026982e-01 4.579603427908207069e-01 4.201707117271600844e-01 3.786508470250660729e-01 3.341823304805782158e-01 2.874791832461473517e-01 2.393907105683412417e-01 1.907910273027562942e-01 1.424988516515719450e-01 9.502186146503403819e-02 5.306710170559427592e-02 2.538518023981098728e-02 9.251761972686730479e-03
5.921263739246861446e-01 5.863081295936840576e-01 5.743326421542517268e-01 5.576012302836218515e-01 5.356593427100136973e-01 5.080336613586755590e-01 4.754507309881622623e-01 4.385656163972986299e-01 3.982127805511144758e-01 3.549014941596284611e-01 3.093593020285529960e-01 2.624512118060882138e-01 2.150257596963935647e-01 1.679270022697401943e-01 1.219968891726825183e-01 7.785934049982480565e-02 3.928585072368432490e-02 1.326231238585614050e-02
5.981096636891497509e-01 5.932436925837138997e-01 5.827354192999916194e-01 5.666285993403485932e-01 5.445640172942779467e-01 5.174398635833786786e-01 4.855289159358710527e-01 4.493725116165223077e-01 4.095726084204837081e-01 3.668517148696640584e-01 3.220035196676419020e-01 2.758033221275089097e-01 2.290882036801601129e-01 1.826964508129374221e-01 1.375316817547437287e-01 9.450516374545116227e-02 5.434969603315351061e-02 1.997854758262424674e-02
1.815093020974489443e-04 1.070399051050877103e-04 3.679051793749603828e-05 1.507908976595679593e-05 1.146565609276058110e-05 1.017226194662725312e-05 9.746638001532336582e-06 7.786055644196186715e-06 5.847163765889387408e-06 2.817853809224590571e-06 1.280872606936149956e-07 1.999457390888230400e-06 1.815408975603375306e-06 1.642856080278854578e-06 1.599098200887261613e-06 2.648955761301784181e-07 -9.023215906594806818e-07 -1.619502656929781306e-06
5.319870512225862401e-03 3.483837151980468620e-03 1.442850324612178579e-03 6.098536568828878636e-04 4.181374064054773168e-04 3.725191009175830761e-04 3.381015903426178287e-04 2.805673304675022797e-04 1.948488881840965440e-04 1.022307440353297821e-04 4.196881407340884428e-05 3.100280921942980607e-05 5.155440870282645955e-05 6.468473527964484768e-05 5.226392419069356940e-05 2.034912315965101381e-05 -1.082865897533286883e-05 -1.638059883347149732e-05
1.132759758591824623e-02 9.147312237121431322e-03 5.368635029069497751e-03 2.638639722550734871e-03 1.601067488079482067e-03 1.303597024286248665e-03 1.137048623038691914e-03 9.277284022549496783e-04 6.523237098732097023e-04 3.712393571049226056e-04 1.865970067182306700e-04 1.362616508816590240e-04 1.694950000642783108e-04 1.923854811235223381e-04 1.548505792728052297e-04 6.631241798668252260e-05 -1.201092475127442699e-05 -2.876925311765396456e-05
1.560688267681044697e-02 1.434894527938580799e-02 1.119582604792444466e-02 7.140888624877170590e-03 4.269365017751104198e-03 3.021312928104789158e-03 2.437883984624732939e-03 1.927188919473614469e-03 1.380278362769202022e-03 8.768234034695247077e-04 5.263202607645779425e-04 3.724183136140135132e-04 3.543390117525039283e-04 3.519705543788148876e-04 2.779855613775410943e-04 1.458374334062307784e-04 3.198801588539834954e-05 -6.422888398448547570e-06
2.114561722314490036e-02 2.013081394384326137e-02 1.774028162638063150e-02 1.391783838490486848e-02 9.471152814484580518e-03 6.184283320228843063e-03 4.424660859104130248e-03 3.333353544010030870e-03 2.436041739068551051e-03 1.685876952439669665e-03 1.136749088289954390e-03 8.027782660591580802e-04 6.336744243802042414e-04 5.275645601845002468e-04 4.093232202571054799e-04 2.646117955347761751e-04 1.402911143103918159e-04 4.991542875161996084e-05
2.916979630599544904e-02 2.813087723200966006e-02 2.568240318084499471e-02 2.195233888641211217e-02 1.703914864046078559e-02 1.173962033876706744e-02 7.730505030151405173e-03 5.393360628695019476e-03 3.936898868811673953e-03 2.870503166789597702e-03 2.061380482080486451e-03 1.467346800888014342e-03 1.049933072904555295e-03 7.647444336457468426e-04 5.732932537099817358e-04 4.253549971261091325e-04 2.826036170641727939e-04 1.268643989587024158e-04
3.959612910801288410e-02 3.842535784516244030e-02 3.561723750173721031e-02 3.128591856806679089e-02 2.576860571299277938e-02 1.947585785723685362e-02 1.331220698010773286e-02 8.795322439930522082e-03 6.158277844550768924e-03 4.528313216315216563e-03 3.335719277616202173e-03 2.396224425414080882e-03 1.667471730964266126e-03 1.154655463414642688e-03 8.305988170304950090e-04 6.161784346663516264e-04 4.224738141946145394e-04 1.975663648388226309e-04
5.162318821250045514e-02 5.020485870391821343e-02 4.677725313561562070e-02 4.161015720439608517e-02 3.520355057944660193e-02 2.819872214632116250e-02 2.106346136498957883e-02 1.450389687303367016e-02 9.747361984505277174e-03 6.885766424911956944e-03 5.031486827950650692e-03 3.640461228987852769e-03 2.565535365440042240e-03 1.779297423019477516e-03 1.235853239757486082e-03 8.559945801592433500e-04 5.482165445319849570e-04 2.459279528400377794e-04
6.359416310564243446e-02 6.176724894725350162e-02 5.766061658008395097e-02 5.185270436453761483e-02 4.496576442388085237e-02 3.751195286975089055e-02 2.990531682318636406e-02 2.240315291705239839e-02 1.556849390524603013e-02 1.052533801326619410e-02 7.378884987622172896e-03 5.317660362910938375e-03 3.818808953945511918e-03 2.686824910796911398e-03 1.831008879850494183e-03 1.184205974316833183e-03 6.845669022197020019e-04 2.812858509485787330e-04
7.254847526632064725e-02 7.075485120657114269e-02 6.673242861878320165e-02 6.114834129637601590e-02 5.453139484308672930e-02 4.719734356374223616e-02 3.937459687161952437e-02 3.134949255958993652e-02 2.342628500023358207e-02 1.625728689864128912e-02 1.097567868666147334e-02 7.675729844912934814e-03 5.507714745904626619e-03 3.904736762086699967e-03 2.646589339496146880e-03 1.659678153390742534e-03 9.097825360669806660e-04 3.534761991182430274e-04
7.726671391595942018e-02 7.614344641050048434e-02 7.343832829874094581e-02 6.920449114862231577e-02 6.359697117681559209e-02 5.681138568111440690e-02 4.906889300011888638e-02 4.068861156013305058e-02 3.214977362069122019e-02 2.391533347940169238e-02 1.662318413992307578e-02 1.125837324352262601e-02 7.825115674598865159e-03 5.491741746700958514e-03 3.726535532475540660e-03 2.348112790364700192e-03 1.298834883422483833e-03 5.096364554462066250e-04
8.029363148792573179e-02 7.999674998278918925e-02 7.884721907588930490e-02 7.629289323181617788e-02 7.195842536680358004e-02 6.587403853169668255e-02 5.836932783403821906e-02 4.993545094149729607e-02 4.110821086273462599e-02 3.238215188666405953e-02 2.408092758160395100e-02 1.672432046122998214e-02 1.122826616975838854e-02 7.623579912898047206e-03 5.151717779521936685e-03 3.305684848349933844e-03 1.881187380181201718e-03 7.542899140683908578e-04
8.585425843439135896e-02 8.563717176178183010e-02 8.490845047748142582e-02 8.302616076538450740e-02 7.941391948387301059e-02 7.389342488283325017e-02 6.677989249550460304e-02 5.862848863035338698e-02 4.991295987146098651e-02 4.096821220893937660e-02 3.213355255240471497e-02 2.372643759951119369e-02 1.629627232250513424e-02 1.074418695377163217e-02 7.093437660545283581e-03 4.578411164315191774e-03 2.651575244821226859e-03 1.077808200371700113e-03
9.495295551766606834e-02 9.428642332625401801e-02 9.262531224103573435e-02 8.988828873407823938e-02 8.591594279237012299e-02 8.060219082990742467e-02 7.404557947819322139e-02 6.645582765356725097e-02 5.806239227262555841e-02 4.912466435248973029e-02 3.996928816903495829e-02 3.101792641642220696e-02 2.264616556862940680e-02 1.535919215244919631e-02 9.913085150062421122e-03 6.236764039489060135e-03 3.584625643681284193e-03 1.450927239622735792e-03
1.053021137857628048e-01 1.039289924280499822e-01 1.008649514903559169e-01 9.660393544627009221e-02 9.164538732011162647e-02 8.622190649557798237e-02 8.013920291193289691e-02 7.310557913856627343e-02 6.506490704563487604e-02 5.624168706163317627e-02 4.701992883617774066e-02 3.783087818043949502e-02 2.907055361231206808e-02 2.099142450568165091e-02 1.391987024369182625e-02 8.506484978070456143e-03 4.701245025302304252e-03 1.857342676002395662e-03
1.126396552508291821e-01 1.109726400721446765e-01 1.072406674565526269e-01 1.022553723871140879e-01 9.680391596062695725e-02 9.116250355822071161e-02 8.511100139304934864e-02 7.827518478041968486e-02 7.047268286206820331e-02 6.186401222271048495e-02 5.281522471929647744e-02 4.370576268461749680e-02 3.480685902195757714e-02 2.633419762381201956e-02 1.847648683264842620e-02 1.154783171123923216e-02 6.161564041828173320e-03 2.328059924135919209e-03
1.145973175331453792e-01 1.132479739040870292e-01 1.102859687450684356e-01 1.061777824793549985e-01 1.011764182456026812e-01 9.539664481052387290e-02 8.892761641192450939e-02 8.180689365799044543e-02 7.405318580937492179e-02 6.574665657877155900e-02 5.706591707042879547e-02 4.819938932565184797e-02 3.931256380014106627e-02 3.058512762305727606e-02 2.229040488943392212e-02 1.466852663731594598e-02 8.049334649184915896e-03 2.968919942016558493e-03
1.124858345676773425e-01 1.120828709122027450e-01 1.108502703900188791e-01 1.082902089868943568e-01 1.040653992770694813e-01 9.826605246878318545e-02 9.131902393629616477e-02 8.374582814418349286e-02 7.590443775191223208e-02 6.787516701323210999e-02 5.957202567964394596e-02 5.093808269681884826e-02 4.206174679406679551e-02 3.318293128498454175e-02 2.462149778099990624e-02 1.671340340714409442e-02 9.689265621199748615e-03 3.755382476571687313e-03
1.216391340844021155e-04 8.464142719897808811e-05 2.635771210590865570e-05 9.624315883120715674e-08 1.735626537770673532e-07 8.350160755277229809e-06 1.245590299036073490e-05 9.960978729787513879e-06 4.498259082978507071e-06 8.382696626752266535e-07 4.786942396731711865e-06 3.340079775918784697e-06 1.973761088181769395e-06 1.273887650193353355e-06 1.069164464270145402e-06 -1.814890951274201800e-06 1.024538694598669402e-06 1.346000437865848791e-08
3.830991336832614922e-03 2.627214662823709659e-03 9.371641817773200718e-04 7.474979171034464779e-05 4.077748590405677679e-05 2.840818136616312826e-04 4.257521466763785614e-04 3.666506436646199706e-04 2.027530171092000583e-04 8.978475167615187060e-05 8.922558702952152355e-05 1.303259935664576605e-04 1.222984243682704642e-04 5.972146480997460078e-05 5.219757833932408167e-06 -2.316968935195145885e-06 1.641454391936240971e-05 1.711268084230402832e-05
7.685156592830874080e-03 5.822281146210896152e-03 2.819150588177932442e-03 8.145234369649631762e-04 4.727644441272953538e-04 9.507868016281542786e-04 1.284132276786276085e-03 1.137528171708690949e-03 7.233436628016282413e-04 4.081548196028358857e-04 3.440549837721471830e-04 3.946319596210420225e-04 3.592412710495688556e-04 2.092396161237930778e-04 6.442356269187882590e-05 2.249489664876760253e-05 4.038733271352876365e-05 3.600133951923935907e-05
6.974202263679504105e-03 6.285316509508670491e-03 4.651509472031578607e-03 2.875011377648559793e-03 2.017934202498009987e-03 2.135879281672041843e-03 2.379612792051730326e-03 2.172304217049112092e-03 1.622007631743028078e-03 1.113798769688511322e-03 8.552629426034218281e-04 7.646073130835803755e-04 6.505366786480651061e-04 4.438823097817480947e-04 2.315232395887337256e-04 1.072264657886875475e-04 6.266570203054194559e-05 3.413963989151133941e-05
4.772538116258736793e-03 5.376553700385413789e-03 6.157425696946309916e-03 6.085403671386616954e-03 5.153010111959745697e-03 4.251099446182655429e-03 3.782854112089297036e-03 3.417819610428991534e-03 2.883932401665375515e-03 2.249013442078636946e-03 1.690525282100991886e-03 1.285147015172423369e-03 1.002219771030595213e-03 7.579195284796195684e-04 5.049604370720612049e-04 2.768125382937171959e-04 1.123973604861953527e-04 3.002729355753096078e-05
7.166856344440879559e-03 7.984244172298657696e-03 9.352652117552685829e-03 1.011990843519290813e-02 9.428681078786237471e-03 7.665056603141610393e-03 6.034553116061471857e-03 5.088028734923811559e-03 4.452307008198662201e-03 3.714952587530391623e-03 2.860658662864059947e-03 2.084911174837629239e-03 1.528817192270181353e-03 1.156568281780093578e-03 8.383221869430686245e-04 5.212096138458941624e-04 2.465136369806231035e-04 7.374170684751407093e-05
1.724632554652448177e-02 1.697729480922344561e-02 1.643490477185501064e-02 1.558708057474830246e-02 1.423455697405123267e-02 1.215169185726383029e-02 9.701121866838798707e-03 7.709966266982341138e-03 6.419640858702147478e-03 5.399677336569776685e-03 4.327241805679777134e-03 3.244345434882270427e-03 2.346074207318781142e-03 1.693382291104927493e-03 1.217575294765940860e-03 8.204476889441572303e-04 4.720076792925649426e-04 2.007566325352846894e-04
3.147470935651576485e-02 2.989751069932868044e-02 2.671362273371296475e-02 2.315330912938386512e-02 2.007616449103735712e-02 1.743902306819270984e-02 1.466987130942095513e-02 1.171745079345085268e-02 9.207293984582155463e-03 7.423542263916796391e-03 6.035960644266992990e-03 4.734877827252017071e-03 3.509605765158681483e-03 2.484341683745498741e-03 1.728491605054476542e-03 1.217058498178024252e-03 7.582101310984143980e-04 3.373996385183240430e-04
4.319594213762899260e-02 4.124145215444263712e-02 3.722186493344867980e-02 3.240134991033844641e-02 2.786370941871296747e-02 2.400772907833544079e-02 2.051673713110797881e-02 1.689944845434796297e-02 1.325792379806775383e-02 1.026083282389313352e-02 8.134709892090370709e-03 6.485490334402769369e-03 4.973819080426915111e-03 3.598212126896998490e-03 2.491735920215413114e-03 1.682145131797306049e-03 1.049709530212246736e-03 4.634545273818648208e-04
4.934623071724820315e-02 4.837823427835423462e-02 4.599071201112971824e-02 4.222809102499566064e-02 3.745220437820975801e-02 3.229832614428023579e-02 2.736859358178209828e-02 2.282252898158507876e-02 1.845781861500141174e-02 1.438388919097172321e-02 1.110244993978504353e-02 8.626920076166522469e-03 6.686141668742707524e-03 5.029507113207977616e-03 3.569503901177567377e-03 2.394140988351476946e-03 1.371946694623439687e-03 6.160810488207701116e-04
5.421952523111014943e-02 5.432341752358620102e-02 5.387119723717929964e-02 5.177679413526159458e-02 4.756051491940310044e-02 4.176220514696491609e-02 3.548654635988027217e-02 2.963722625020995607e-02 2.441663498053957271e-02 1.954159958983262002e-02 1.514443935523153081e-02 1.150949543434192854e-02 8.750934199805653069e-03 6.812376668723561964e-03 4.986589754754454720e-03 3.224894310985191442e-03 1.898299574836080639e-03 7.640458575618959327e-04
6.389667970774708106e-02 6.374577485093402274e-02 6.299177166901928637e-02 6.088086103311528274e-02 5.692953751081521879e-02 5.124060448054310046e-02 4.449867900008266930e-02 3.758187846815310568e-02 3.114170629818587346e-02 2.535434554770517324e-02 2.005395415031828096e-02 1.530662792440224199e-02 1.148889386770006633e-02 8.631032352181324321e-03 6.318742153790115647e-03 4.262524468151491705e-03 2.466080219088102529e-03 9.838997909012742616e-04
7.807336843899444212e-02 7.663240222779986455e-02 7.365914114946481295e-02 6.979460383906734011e-02 6.529308944552766891e-02 5.993195062584408261e-02 5.347797062995436612e-02 4.615707875044521014e-02 3.866912420496354530e-02 3.173740412767189767e-02 2.562021596180042923e-02 2.009549630468574627e-02 1.512777912147374691e-02 1.103519709801257381e-02 7.903452668006211157e-03 5.422070812904488703e-03 3.271288441452200983e-03 1.359018578387155476e-03
8.991428064377904317e-02 8.787793419664903516e-02 8.365084934813521444e-02 7.849140558122599809e-02 7.321930143280591663e-02 6.776043199722095456e-02 6.156608998823009243e-02 5.436442178519478724e-02 4.650961477699661062e-02 3.873277101058166666e-02 3.157469730560572702e-02 2.517083631434381685e-02 1.932596969371766851e-02 1.410905488270847857e-02 9.884498191466719458e-03 6.674381337174423862e-03 4.061511548197846780e-03 1.709595620190860641e-03
9.509434969293537043e-02 9.377391729389815411e-02 9.073757609262188273e-02 8.628932584490765778e-02 8.088368236853556159e-02 7.489124117796074065e-02 6.844162432293530995e-02 6.144397599833475304e-02 5.382340966753842298e-02 4.576396995945496843e-02 3.772106505445611130e-02 3.022316585528291716e-02 2.351074235935488033e-02 1.757080093557791822e-02 1.238553765327999982e-02 8.123794266742982023e-03 4.737248566377447005e-03 1.928375643700770605e-03
9.651998491059743390e-02 9.626576058935400193e-02 9.511869625356790536e-02 9.224779442794352191e-02 8.738447442676812449e-02 8.110071286738486374e-02 7.426043557318395827e-02 6.724879910162878671e-02 5.987314544022614288e-02 5.184959604889039647e-02 4.335929414741510057e-02 3.500777257520741592e-02 2.746116554737724341e-02 2.084461922333424172e-02 1.496459858101875998e-02 9.724464243217526352e-03 5.394223061378374678e-03 2.064142602840376723e-03
9.970123686496870641e-02 9.946426203248057152e-02 9.843825558722804625e-02 9.592376579145465987e-02 9.161196254983303144e-02 8.577652729901086293e-02 7.902819498574063795e-02 7.182078694325183532e-02 6.422382976312972225e-02 5.613028693213103354e-02 4.762866260805603130e-02 3.909100753779738702e-02 3.094530068133320710e-02 2.353187218364073338e-02 1.693300847589694277e-02 1.108948696102452988e-02 6.125200162367735492e-03 2.296759845869293225e-03
1.048044706727826320e-01 1.036183987929874400e-01 1.010631545455228375e-01 9.762967438869225856e-02 9.350217012637711267e-02 8.845464636317951213e-02 8.220159501997421903e-02 7.480769267002744527e-02 6.671317443924505708e-02 5.839914092399314804e-02 5.007666096314760534e-02 4.171036639659715661e-02 3.334446283682686307e-02 2.527974649721238462e-02 1.798846341665744433e-02 1.182084091773496007e-02 6.754764685017637139e-03 2.647100124214412081e-03
