1000.0 2000.0 3000.0 
1.0 6.0 11.0 16.0 21.0 26.0 31.0 36.0 41.0 46.0 51.0 56.0 61.0 66.0 71.0 76.0 81.0 86.0 
1.0 6.0 11.0 16.0 21.0 26.0 31.0 36.0 41.0 46.0 51.0 56.0 61.0 66.0 71.0 76.0 81.0 86.0 
9.963073265565301762e-04 3.537722910436844059e-04 1.395751880050958302e-04 8.773441189326653463e-05 6.227498708320932546e-05 4.686432340901130626e-05 3.843664867093466391e-05 3.041192630584735500e-05 2.535432359896039721e-05 2.177168439035443562e-05 1.505113240093370092e-05 1.120166507212796654e-05 1.285712618826406403e-05 1.156261043346932496e-05 8.127082068994204329e-06 2.697894924335869999e-06 4.703339392563282938e-06 1.318354063301452320e-06
2.369442018348875620e-02 1.391054595368533889e-02 5.789566676043915623e-03 3.283679679312517981e-03 2.308859066991670369e-03 1.737592298038064106e-03 1.360905412551101715e-03 1.089848605994325715e-03 8.770001999166053639e-04 7.099395321924173398e-04 5.777615531828746024e-04 4.680077903167359846e-04 3.723015663062658907e-04 2.831095335883889981e-04 2.138673689145137284e-04 1.501310301655346918e-04 9.491315558579106748e-05 2.957559784840677066e-05
5.514632158158175312e-02 4.414127501885547339e-02 2.500296646671744741e-02 1.295099356897674338e-02 8.377549911630545118e-03 6.149548700865000057e-03 4.749686151152452893e-03 3.763121510816599870e-03 3.019722839209903250e-03 2.437949273879076555e-03 1.975812305484530001e-03 1.593785242346664344e-03 1.259424182964515590e-03 9.691515116914458522e-04 7.255060074014536928e-04 5.144784199907306323e-04 3.144836946443093089e-04 1.306815869402417750e-04
8.680510032988718316e-02 7.882005159829950924e-02 5.970300880735288085e-02 3.586275208275040149e-02 2.080697447135321926e-02 1.424989017533075976e-02 1.069747447549650524e-02 8.345941783269755429e-03 6.639935741907459534e-03 5.338195571609039188e-03 4.300647176837472073e-03 3.445890068245843936e-03 2.727415247795000625e-03 2.106233071740279839e-03 1.572399691624135499e-03 1.097346647992131002e-03 6.965178361152312087e-04 2.960010333475065602e-04
1.235411541447830192e-01 1.162891300211516959e-01 9.945583194999603471e-02 7.429166022782376921e-02 4.661467708969639634e-02 2.881618777021757727e-02 2.033271794412148600e-02 1.544344616426290666e-02 1.210674862347932770e-02 9.637698992647342894e-03 7.705126691825020524e-03 6.138458208234216611e-03 4.847090341169944805e-03 3.739609183164543504e-03 2.778735624470822334e-03 1.935723256586551356e-03 1.186192277391668855e-03 5.083406729214877667e-04
1.642699372015431758e-01 1.576481205508992733e-01 1.419037828258899736e-01 1.181980513717977160e-01 8.803935239840758598e-02 5.691525488467994581e-02 3.657269933587709021e-02 2.626881514738926490e-02 2.005994252756631777e-02 1.571593550745988346e-02 1.243984201021133655e-02 9.843091575074585167e-03 7.731357667997353078e-03 5.940019060238417928e-03 4.406453952834898068e-03 3.085322008445914258e-03 1.870910969587336352e-03 7.971079685475230235e-04
2.090158198172999693e-01 2.026915030748318580e-01 1.876238688286946676e-01 1.646555730187747590e-01 1.351249797695873722e-01 1.006720506783001096e-01 6.650106207715875128e-02 4.382950715825429527e-02 3.177313975060892803e-02 2.427335724708619760e-02 1.892317387801412468e-02 1.483703144657392420e-02 1.155105860352342861e-02 8.845179653873231490e-03 6.535345866068093673e-03 4.547228984905568941e-03 2.762201709677211247e-03 1.169256622143963979e-03
2.570960363984803876e-01 2.510016451739620069e-01 2.363033703921423867e-01 2.137808478531520173e-01 1.845622284207817376e-01 1.500937020796508925e-01 1.119531521451207906e-01 7.507000399881126607e-02 5.027217844809408337e-02 3.659279420463478621e-02 2.784671845910140220e-02 2.150067703011976014e-02 1.658301327044589893e-02 1.260379487061449345e-02 9.253035502320391611e-03 6.409432574501505893e-03 3.886414160833304068e-03 1.645266690257213629e-03
3.077743754103246521e-01 3.017713735277953724e-01 2.872957449445273648e-01 2.651227519609634653e-01 2.361458930295819159e-01 2.015590338187456254e-01 1.628134058696839304e-01 1.215107226763594700e-01 8.234100428841144292e-02 5.567667699126584158e-02 4.048525867332525979e-02 3.053800982207546463e-02 2.322112997635856352e-02 1.746059784272422852e-02 1.273880489843803518e-02 8.764402488376243222e-03 5.294733682130309087e-03 2.230813639266618700e-03
3.598405997502006626e-01 3.539287671044298311e-01 3.397974862083284475e-01 3.179451440248743377e-01 2.891496866990895254e-01 2.544613512740777073e-01 2.152133305282128983e-01 1.728974812226178603e-01 1.290108503477621626e-01 8.798018932193110708e-02 5.971401379139449489e-02 4.315693200899545223e-02 3.207318977440849067e-02 2.377638884108384046e-02 1.719066135805446746e-02 1.172950303502864021e-02 7.047913131158514873e-03 2.965714622144575378e-03
4.125506535796907293e-01 4.066321060215933314e-01 3.928194763767543507e-01 3.712238935999630507e-01 3.425390905106228123e-01 3.078158546397026241e-01 2.682361255193816962e-01 2.251222614113424503e-01 1.799039531766158106e-01 1.340212355277940193e-01 9.161834757597393797e-02 6.208438089551270717e-02 4.429102748180536314e-02 3.213364657450520911e-02 2.291239925598946223e-02 1.546810310619316925e-02 9.223388692097343744e-03 3.853417159286695419e-03
4.643514938083894705e-01 4.589676161106272523e-01 4.451245995288470314e-01 4.235951105728316679e-01 3.950704511972431554e-01 3.603901787215333941e-01 3.206340935137338977e-01 2.769535493425993034e-01 2.307088716439455456e-01 1.833196832660489717e-01 1.360685266796380077e-01 9.283506976693171875e-02 6.236824278028511165e-02 4.353933261108273306e-02 3.039236381326307357e-02 2.023049107085359011e-02 1.194753691474828225e-02 4.939993536297539525e-03
5.154003931241774028e-01 5.090775035693595463e-01 4.950865421973712488e-01 4.736189110210817232e-01 4.452658033605413901e-01 4.107308532678554114e-01 3.708753422824426216e-01 3.268674097608567641e-01 2.799480565878447735e-01 2.313726981320813059e-01 1.825133962731357029e-01 1.345936612797367649e-01 9.112177021754676309e-02 6.014060914054719653e-02 4.045203334403584677e-02 2.638765807046437178e-02 1.537257188685336659e-02 6.279852390305406748e-03
5.598565261312344887e-01 5.545629888683570874e-01 5.409046672609846285e-01 5.196693060625289240e-01 4.915160158218798703e-01 4.570674216841222326e-01 4.172606435804710467e-01 3.731453678949032127e-01 3.257865736996062855e-01 2.764522096452967648e-01 2.263711230819422104e-01 1.768274547616048853e-01 1.289589307138367114e-01 8.590888303421818917e-02 5.485118124443905119e-02 3.453688352524041799e-02 1.971367995417383154e-02 7.941919949655948038e-03
5.998984651046319616e-01 5.940771742284330914e-01 5.808479843220762939e-01 5.600684392609067697e-01 5.320278659290119672e-01 4.977189896456903906e-01 4.580688851522105587e-01 4.139167589392572788e-01 3.663760200904766506e-01 3.165536933778496098e-01 2.656738487378733082e-01 2.149127056423508764e-01 1.654662522212121400e-01 1.184216086302876531e-01 7.652689486204711233e-02 4.591510640267724985e-02 2.532935305059493686e-02 1.000285112019165881e-02
6.316744753545844304e-01 6.266615454607731284e-01 6.136016839783755561e-01 5.928002739920819053e-01 5.650798272182296911e-01 5.310819910473286720e-01 4.915188745525483349e-01 4.474222062861445415e-01 3.997834036779014943e-01 3.497232476864194362e-01 2.983399301191907993e-01 2.467964546583087670e-01 1.962254335659142923e-01 1.477644548327179397e-01 1.024028307162401785e-01 6.246679888454580859e-02 3.296339812018230647e-02 1.258897540573055383e-02
6.570617040490582816e-01 6.510706247451816253e-01 6.373720005767840036e-01 6.166754574787552956e-01 5.892413674281063996e-01 5.553754087564025665e-01 5.159523684945215294e-01 4.719203898955011134e-01 4.243177812686777517e-01 3.741485603436599527e-01 3.224976517366082152e-01 2.705021890623860448e-01 2.192594318635195938e-01 1.698495586207764418e-01 1.233026456573271257e-01 8.057145476454703747e-02 4.353172800154971739e-02 1.595954522533936382e-02
6.701220637464603280e-01 6.644439671393973512e-01 6.512445516576235160e-01 6.307687060452648042e-01 6.032520527705726998e-01 5.695273007985424130e-01 5.302595035911755739e-01 4.863511285054390454e-01 4.387440950033784093e-01 3.885021624491302727e-01 3.367357596116074547e-01 2.845162506593365004e-01 2.329346225121277925e-01 1.830317630327068235e-01 1.358202365527600430e-01 9.225370882297997954e-02 5.322186352109378737e-02 2.022655205538954892e-02
1.808328339015918417e-04 6.269641939701741068e-05 1.305410165843343519e-05 7.903375728279218954e-06 8.819700016886406084e-06 9.191962461903380467e-06 9.569847846289919441e-06 9.768436162213617509e-06 6.964663543134669760e-06 5.187512049538096178e-06 4.989547871889999488e-06 3.616819069776427108e-06 3.814454360105240139e-06 4.587075954495297756e-06 2.304197773872766412e-06 -3.998872994244830031e-07 2.257383346057086761e-06 7.309265576525831393e-07
3.654002950207694157e-03 1.950941382332422539e-03 5.817069391274179522e-04 3.117634408218411101e-04 3.172266939383303975e-04 3.358174230836516363e-04 3.466422760961332936e-04 3.421102195999360164e-04 2.922918231175001820e-04 2.131879306870744083e-04 1.581585611621244038e-04 1.459184063691622323e-04 1.472837107424560519e-04 1.313673427198670438e-04 1.021317511970193853e-04 7.076631368313238634e-05 4.176091150478634267e-05 1.496329125132041825e-05
5.177678896018979293e-03 4.303003701446658259e-03 2.475614294299750048e-03 1.333008327101150312e-03 1.138183282906942090e-03 1.164131615422325620e-03 1.180069640363812710e-03 1.122446871847855229e-03 9.601008362846581408e-04 7.420224078813934332e-04 5.770464511908007625e-04 5.078664620411676338e-04 4.822515607160037941e-04 4.313922226536212948e-04 3.411976774230839429e-04 2.394037156818209740e-04 1.419299582163060548e-04 5.770069359585417877e-05
6.114421903057958366e-03 5.921305928987143259e-03 5.168626049309093216e-03 3.758032549795811000e-03 2.814821539596136773e-03 2.608615654184402288e-03 2.526535403427134473e-03 2.326556167161668645e-03 1.998364455008062347e-03 1.630859976586035258e-03 1.325635005214818732e-03 1.129486505853022739e-03 1.005682309949619936e-03 8.811776281700041012e-04 7.112453323731813843e-04 5.080875107767266353e-04 3.076957686211064598e-04 1.296358299699473576e-04
8.852890426616745814e-03 8.706955048967391503e-03 8.295081586690421227e-03 7.440086672283283131e-03 6.052516539147559903e-03 4.984238891540181300e-03 4.450965120042714787e-03 3.976419837066777138e-03 3.448362236725594377e-03 2.919150371468014031e-03 2.445286600808838518e-03 2.053394228904153497e-03 1.742846608910774385e-03 1.474976351376064768e-03 1.192028060693212099e-03 8.730496268105509281e-04 5.439910214268635011e-04 2.315086889169239485e-04
1.385765115167543991e-02 1.360438008638353673e-02 1.305092041130097129e-02 1.217644148047236467e-02 1.080721931000500242e-02 8.891806295180309377e-03 7.256286681781496523e-03 6.218021964826074728e-03 5.398023650049265341e-03 4.648798874964816738e-03 3.949533192327430754e-03 3.309658096694584675e-03 2.743207333491148436e-03 2.242204162367840339e-03 1.782538337127355507e-03 1.321253044543232048e-03 8.412046991740983019e-04 3.635595101836604616e-04
2.114181205667299210e-02 2.083806541333755452e-02 2.002899166135739539e-02 1.863385809258439468e-02 1.668422290171612393e-02 1.427052630280426469e-02 1.158353601555428547e-02 9.421727248768071647e-03 7.999835390950610706e-03 6.877942804629831250e-03 5.862408622091992011e-03 4.915783085002096466e-03 4.032562971499630694e-03 3.230254171270445420e-03 2.509630716772038531e-03 1.839122804481845399e-03 1.177206815190879078e-03 5.147781923639354598e-04
3.107795448669874866e-02 3.051187106880980451e-02 2.907134075232132436e-02 2.680503891550801987e-02 2.393341592939843623e-02 2.077110194959772699e-02 1.749742811923839583e-02 1.422633646776657809e-02 1.159516718038256129e-02 9.747259717990019307e-03 8.246151804118272144e-03 6.890588072296542459e-03 5.632839785015998982e-03 4.471485229003310108e-03 3.408352984980481636e-03 2.441125268740244620e-03 1.537458843566550390e-03 6.671206495240869635e-04
4.287834693506833300e-02 4.181098275189095576e-02 3.946307288038019417e-02 3.625375922061459949e-02 3.257141033916269995e-02 2.865550361693546683e-02 2.466135813886671108e-02 2.066010913985839165e-02 1.676267567676498899e-02 1.357602242572083541e-02 1.122964885854497823e-02 9.295460455026273786e-03 7.564395995228668373e-03 5.971400186287375254e-03 4.504300738016994016e-03 3.158840461581762828e-03 1.932146315703392719e-03 8.219416828125162416e-04
5.416451234792978714e-02 5.293680019059818220e-02 5.024009793410873920e-02 4.662191020059557045e-02 4.245972580904471688e-02 3.793511586630124444e-02 3.316322563675382779e-02 2.829891103321999224e-02 2.348472202866868849e-02 1.889261245697716057e-02 1.511141086146590602e-02 1.224987197947435651e-02 9.868949364808761449e-03 7.743356052390941262e-03 5.798481823307602076e-03 4.011133262224527742e-03 2.405052135233698343e-03 9.974949618386992102e-04
6.385968753266701992e-02 6.299154500481943253e-02 6.091865221738124864e-02 5.766074592530798237e-02 5.339551254755670051e-02 4.837887047710283384e-02 4.286440863368402854e-02 3.708251987693446383e-02 3.126953545961196068e-02 2.562773546441730541e-02 2.037968659649414677e-02 1.606205340350608940e-02 1.270975695522150693e-02 9.875117681516580245e-03 7.329330768457658837e-03 5.048656547659969782e-03 3.081037324287832276e-03 1.240876001434667404e-03
7.377928370783887191e-02 7.333921224758475910e-02 7.192976511039748944e-02 6.919162961194126604e-02 6.501135833998430980e-02 5.963048541773386529e-02 5.342794419661747729e-02 4.675975476768236272e-02 3.993053815607787438e-02 3.321133044473358054e-02 2.680806954189116770e-02 2.091793447076259124e-02 1.603192218942255456e-02 1.218552886679447403e-02 8.967530896089138254e-03 6.167867607826800665e-03 3.693953795198957283e-03 1.562189232025965567e-03
8.634945314429520735e-02 8.569893486228109813e-02 8.404430447817580474e-02 8.116003540884585143e-02 7.686572310939276953e-02 7.117970628054011428e-02 6.438954064485005735e-02 5.691372722825500247e-02 4.913212485955976289e-02 4.134468548349182898e-02 3.381323373973776220e-02 2.675331120257234269e-02 2.039896574833329965e-02 1.511331267253996150e-02 1.098268748078890140e-02 7.451758052893230760e-03 4.488843294160643066e-03 1.880790068029582207e-03
1.009283187524025460e-01 9.981774224609836488e-02 9.727470580638208908e-02 9.351949177134694091e-02 8.859917359768551548e-02 8.245667927438971034e-02 7.516634797476001717e-02 6.700883022291172220e-02 5.835842279661095783e-02 4.957565632948823797e-02 4.096269460126204798e-02 3.278998555301149143e-02 2.528905186616729750e-02 1.869188885673839576e-02 1.324729616793036968e-02 8.873571989764713133e-03 5.264806711361495230e-03 2.179843738926756473e-03
1.151062970210837283e-01 1.137052598503136419e-01 1.104839941470048131e-01 1.057678831128894131e-01 9.986847280989505360e-02 9.298067351519601065e-02 8.512745380800296191e-02 7.638099980709792125e-02 6.699459079033794062e-02 5.733030135297509378e-02 4.776298389037439418e-02 3.861110798041616360e-02 3.015933053776032394e-02 2.257778076062096073e-02 1.592011162135882618e-02 1.043053584721900795e-02 6.137379584471415808e-03 2.446569176998745088e-03
1.269034244818053603e-01 1.254989839006714902e-01 1.220404356905495508e-01 1.167543116303538797e-01 1.100467056527859172e-01 1.022866985091065994e-01 9.368589081963502041e-02 8.433048847130064640e-02 7.433393784960129480e-02 6.397945871163225606e-02 5.366683523399460448e-02 4.377532309390914228e-02 3.456249256637290018e-02 2.615542821201504234e-02 1.866438084395032407e-02 1.215822303381131585e-02 6.848682397313927452e-03 2.711363106362116651e-03
1.356681257358337556e-01 1.341658650215293014e-01 1.306297388106160695e-01 1.252151686440185208e-01 1.181245110018267624e-01 1.096934007780788617e-01 1.003118036060164225e-01 9.026597965161840820e-02 7.973817183657454233e-02 6.894963228495754048e-02 5.821262059380890447e-02 4.782475646153905996e-02 3.802170824092034745e-02 2.896146906787790826e-02 2.080455015135936406e-02 1.370415086911339411e-02 7.697510003204683336e-03 3.016566796340536954e-03
1.405165036260336564e-01 1.390958576293684079e-01 1.356435917730760832e-01 1.302591904520144228e-01 1.230676149985967249e-01 1.143210316808172672e-01 1.044035427582122449e-01 9.377182878851422765e-02 8.283859191874339001e-02 7.186204858843529830e-02 6.098371106628465432e-02 5.034390819653982579e-02 4.015121032917302879e-02 3.065525400476514298e-02 2.212344199971648037e-02 1.464665335584652839e-02 8.393720860058110148e-03 3.280621731964409281e-03
1.499203302754748576e-04 6.337171649221791890e-05 3.495228169201975556e-07 -1.162515023951020236e-05 -3.917024162601554456e-06 4.915009427947956026e-06 1.028334943155740414e-05 9.825314401980988471e-06 5.525392204236551482e-06 5.322992373141313762e-06 6.520651713875610734e-06 7.274565056556858163e-06 4.844678082853287729e-06 4.473839917041156597e-06 1.393112859278012737e-06 -1.049556077958794173e-06 1.849656468726947504e-06 1.627450233566720181e-06
3.283717233871697415e-03 1.748694342902603520e-03 7.559844381352552535e-05 -3.532451130799152471e-04 -1.241247600678062530e-04 1.773522194526268119e-04 3.443653187716644065e-04 3.446987194209997140e-04 2.559180327447318918e-04 1.943156952568412198e-04 1.984425333974607303e-04 2.139710473125889070e-04 1.870305649950939264e-04 1.270868555458116002e-04 8.246917422428140412e-05 6.010864632127280193e-05 4.698596697480829501e-05 2.550059781878714240e-05
3.815948414699474409e-03 2.454502187626781632e-03 3.251703307872373964e-04 -6.681849181073757672e-04 -2.431212351861633016e-04 5.604317694822734874e-04 1.044023863121139491e-03 1.085817443963322040e-03 8.902384239873496882e-04 7.236305276187565824e-04 6.857926519201576780e-04 6.826776080424248102e-04 5.993810300667396385e-04 4.423926670887961513e-04 2.995291159751579555e-04 2.111816020806462811e-04 1.489650301834609901e-04 7.411484652226857188e-05
-3.184210079174428442e-04 -8.912189380679140006e-05 -2.969117764668303638e-05 -2.237103865429899562e-04 1.730233250311924312e-04 1.167320168961140554e-03 1.932400590144253043e-03 2.122759915498238087e-03 1.936693096790873458e-03 1.682694400072964544e-03 1.510468772732127254e-03 1.382917013561540780e-03 1.205375582357600794e-03 9.509174501460249639e-04 6.860674287095626985e-04 4.717387655438934433e-04 3.005693334725000900e-04 1.337839547623156521e-04
-3.774937922746290746e-03 -2.739965764646125086e-03 -8.126330647150227255e-04 8.561631961981470930e-04 1.684478809431152416e-03 2.301081829633920550e-03 2.994891108372261211e-03 3.389948424071313488e-03 3.370015571121146979e-03 3.084620999304892031e-03 2.711439770105078181e-03 2.348688190773942901e-03 2.001550380635788457e-03 1.639255876780625369e-03 1.245906164907510357e-03 8.570124661832581071e-04 5.128624004237484092e-04 2.146954617261604152e-04
-2.417862281157660310e-03 -1.464554743906337428e-03 4.943496677637431109e-04 2.649443299241894308e-03 4.054614400124543529e-03 4.450494842396070586e-03 4.629372752660459653e-03 4.973164192988203947e-03 5.110855918846396624e-03 4.843359645930347609e-03 4.287398339566424015e-03 3.652565718223465922e-03 3.048866622240685529e-03 2.504932639185527502e-03 1.941324425005762052e-03 1.365048765899825982e-03 8.123817828387409207e-04 3.324553880205420218e-04
5.058728098378310022e-03 5.252851783171363920e-03 5.703072746938113793e-03 6.404581493248694829e-03 7.189043788146174188e-03 7.610533642545133474e-03 7.460581961446514400e-03 7.252967309317590559e-03 7.175346470442256312e-03 6.880257856087546205e-03 6.200243700040573500e-03 5.320558392890007392e-03 4.409925261558579786e-03 3.558266692595655339e-03 2.758881671301317839e-03 1.976373573122446221e-03 1.212727902569977340e-03 5.077776070675744328e-04
1.651917780279639827e-02 1.573543331275320187e-02 1.431181069830191749e-02 1.294611253000703920e-02 1.215708905165563229e-02 1.189269747439657132e-02 1.155159270992576863e-02 1.074358483312942876e-02 9.887549538603736948e-03 9.229073475235176696e-03 8.394238160329787687e-03 7.325705092468876370e-03 6.117535585814567328e-03 4.887287008135103410e-03 3.730737003832079648e-03 2.681274570034688273e-03 1.712223029047140691e-03 7.292254138601942824e-04
2.787238606621026196e-02 2.679764838808459601e-02 2.461265058850008181e-02 2.209201364941639281e-02 1.986955198139476672e-02 1.818151175926752128e-02 1.686435567483426934e-02 1.546930233542702891e-02 1.376895917189920569e-02 1.219186713674794836e-02 1.090905515538760119e-02 9.585631172796387281e-03 8.069881067833123769e-03 6.490838803995567681e-03 4.914865493223356287e-03 3.504647326471318786e-03 2.196636264627750343e-03 9.482600692284524294e-04
3.774087414388425932e-02 3.713203817526701533e-02 3.564408047451070316e-02 3.327783377701839379e-02 3.025314348306444578e-02 2.700906195835395610e-02 2.399951263010358798e-02 2.137821976928988565e-02 1.889465356138597327e-02 1.633024452517627817e-02 1.403512329305979869e-02 1.211459194934273211e-02 1.024806375490099064e-02 8.292603041089439964e-03 6.329441623122597678e-03 4.461644978177090395e-03 2.734705851934245407e-03 1.155580358824367807e-03
4.886548073957323185e-02 4.874321520506427752e-02 4.799400248726057999e-02 4.597589852724773968e-02 4.250459323897594344e-02 3.804101525608884898e-02 3.332707447743999546e-02 2.896752566130359266e-02 2.514558169099787716e-02 2.164803911239459103e-02 1.818116787404532725e-02 1.516073650775643343e-02 1.270135296092793874e-02 1.035260768865364431e-02 7.931418676227855805e-03 5.536498113719277858e-03 3.398718904783251584e-03 1.383097685666093363e-03
6.475235675206371389e-02 6.419990557788247953e-02 6.267101486550226419e-02 5.990776277139499978e-02 5.580121210933786102e-02 5.050852234650642786e-02 4.452283812267317925e-02 3.846344630977078377e-02 3.284074227163323589e-02 2.783238208062310121e-02 2.331815050524789837e-02 1.907618102731733351e-02 1.541906427484504051e-02 1.243548597230872271e-02 9.569982866525649293e-03 6.665138962383808201e-03 4.072364163357760670e-03 1.740365773497049408e-03
8.422070359389281780e-02 8.267527817545530788e-02 7.936989558272448952e-02 7.496997397972790522e-02 6.975670846542357528e-02 6.370903177549788743e-02 5.682304013544580562e-02 4.939431100465251773e-02 4.198003520029802010e-02 3.514831040656400674e-02 2.910793440992176517e-02 2.375769465134380462e-02 1.887015094834583809e-02 1.461224572585961140e-02 1.106089629503408112e-02 7.770707702920525567e-03 4.839246499137904792e-03 1.992212150339506185e-03
1.021761328898256327e-01 1.003385685281889816e-01 9.623611476131384290e-02 9.064819255566518297e-02 8.422817653665440329e-02 7.715945068051077715e-02 6.934122957576997759e-02 6.081860060098714243e-02 5.198318498730850751e-02 4.342268303224062348e-02 3.563868883915079916e-02 2.876517507622985623e-02 2.268882626430323082e-02 1.721615188366577148e-02 1.258093232554637064e-02 8.744504901412035458e-03 5.406660124606832429e-03 2.240025416944727097e-03
1.163116893892198189e-01 1.148571552741972368e-01 1.113006306316445676e-01 1.057453737206256739e-01 9.857943171855083897e-02 9.031003528691253224e-02 8.130390237033184586e-02 7.176895529462447298e-02 6.189199722512082197e-02 5.200266342089703703e-02 4.255072028840629905e-02 3.396690720024225785e-02 2.649209765765743463e-02 2.000251918677847449e-02 1.440410634029819399e-02 9.804928639284784045e-03 5.726948671376832535e-03 2.352869721727964339e-03
1.280123471621682218e-01 1.268914623718246926e-01 1.239372183024959884e-01 1.187891790403300951e-01 1.113604103929601019e-01 1.021726822595313278e-01 9.202632540349342527e-02 8.147169137517111526e-02 7.070407498094360976e-02 5.980590195538666026e-02 4.906221109421732285e-02 3.898748157869695585e-02 3.007042012983037263e-02 2.248945142985478082e-02 1.608136535066425829e-02 1.049385217702535414e-02 5.917140974938092483e-03 2.335864877956405922e-03
1.386852140347428208e-01 1.374016924948370799e-01 1.341040357422840779e-01 1.286037407888925288e-01 1.209334745339043365e-01 1.114129414430078818e-01 1.006383152772848538e-01 8.922535305634013425e-02 7.754562556919283867e-02 6.578447713399758479e-02 5.420631386419007963e-02 4.321688502600364717e-02 3.323283357074983957e-02 2.453939957644414929e-02 1.720499857558640058e-02 1.110129345178425056e-02 6.165078072943979033e-03 2.290371220794539149e-03
1.471148073459603300e-01 1.451896888401319752e-01 1.408187864736625827e-01 1.344368739114232270e-01 1.264135490981052323e-01 1.169238970218571955e-01 1.060672179351128813e-01 9.414897075582200070e-02 8.169778054752303842e-02 6.928073493491655743e-02 5.729905173223269477e-02 4.594340543745155381e-02 3.538624870278202911e-02 2.590873457907880845e-02 1.782113362711019652e-02 1.136251954088352174e-02 6.403219049735387608e-03 2.496945447576197439e-03
