         1        3.162278E+00        0.000000E+00        2.333333E-01 W0004-1923
         2        5.011872E+00        3.162278E-02        1.400000E+00 W0019-1046
         3        6.309573E+00        1.000000E-01        0.000000E+00 W0024-1734
         4        7.036890E+00        7.943282E-02        1.400000E+00 W0026+2015
         5        1.000000E+01        1.000000E-01        1.400000E+00 W0029+0205
         6        1.319273E+01        0.000000E+00        0.000000E+00 W0041+2452
         7        1.995262E+01        1.000000E-01        1.000000E+00 W0043+2224
         8        1.995262E+01        1.000000E-01        1.000000E+00 W0104+0609
         9        1.995262E+01        1.000000E-01        1.000000E+00 W0114+1926
        10        3.981072E+00        0.000000E+00        4.666667E-01 W0116-0505
        11        2.511886E+01        1.000000E-01        0.000000E+00 W0126-0529
        12        7.105306E+00        0.000000E+00        0.000000E+00 W0138+3309
        13        8.677819E+00        5.011872E-02        1.400000E+00 W0143-0049
        14        1.000000E+01        1.000000E-01        0.000000E+00 W0204-0506
        15        7.415471E+00        0.000000E+00        3.282724E-01 W0220+0137
        16        1.584893E+01        1.000000E-01        1.400000E+00 W0220+3038
        17        3.162278E+01        1.000000E-01        1.000000E+00 W0313+3859
        18        1.000000E+01        1.000000E-01        0.000000E+00 W0455-0302
        19        2.511886E+01        1.000000E-01        1.000000E+00 W0513-0320
        20        1.000000E+01        1.000000E-01        1.400000E+00 W0750+6548
        21        1.995262E+01        0.000000E+00        1.000000E+00 W0755+5213
        22        6.309573E+00        1.000000E-01        1.400000E+00 W0757+0716
        23        2.100876E+00        0.000000E+00        1.400000E+00 W0830+2343
        24        2.511886E+00        2.511886E-02        1.400000E+00 W0831+0140
        25        3.981072E+00        1.000000E-02        9.333333E-01 W0851+3148
        26        3.162278E+00        1.000000E-01        2.333333E-01 W0859+4823
        27        1.781555E+01        0.000000E+00        1.000000E+00 W0900+3539
        28        4.597242E+00        0.000000E+00        1.400000E+00 W0914+0238
        29        6.309573E+00        1.000000E-01        1.400000E+00 W0919+6628
        30        6.274433E+00        6.309573E-02        1.400000E+00 W0926+4232
        31        3.162278E+01        1.000000E-01        1.000000E+00 W0954+2417
        32        5.746819E+00        0.000000E+00        0.000000E+00 W1050+4013
        33        6.309573E+00        1.000000E-01        1.400000E+00 W1103-1826
        34        2.500953E+00        0.000000E+00        5.463857E-01 W1111-1430
        35        1.584893E+01        1.000000E-01        1.000000E+00 W1112-1204
        36        2.837065E+00        0.000000E+00        0.000000E+00 W1136+4236
        37        5.011872E+00        1.995262E-02        1.400000E+00 W1238+5249
        38        6.309573E+00        1.000000E-01        1.400000E+00 W1315+0608
        39        6.993587E+00        3.162278E-02        0.000000E+00 W1316+3512
        40        4.770837E+00        5.011872E-02        0.000000E+00 W1401+3314
        41        3.162278E+00        3.162278E-02        1.400000E+00 W1407+2959
        42        4.288349E+00        1.258925E-02        3.204326E-01 W1409+3940
        43        3.162278E+01        0.000000E+00        1.000000E+00 W1416+1139
        44        3.162278E+01        0.000000E+00        1.000000E+00 W1430+4155
        45        2.511886E+01        0.000000E+00        1.000000E+00 W1459+2807
        46        1.995262E+01        1.000000E-01        1.000000E+00 W1459+5232
        47        3.162278E+01        1.000000E-01        1.000000E+00 W1511+2505
        48        7.943282E+00        1.000000E-01        0.000000E+00 W1518+4532
        49        4.457112E+00        4.391268E-02        1.400000E+00 W1535+3100
        50        1.304021E+01        1.995262E-02        1.400000E+00 W1603+3627
        51        2.511886E+01        1.000000E-01        1.000000E+00 W1613+2734
        52        1.995262E+01        1.000000E-01        1.000000E+00 W1618+4302
        53        8.864922E+00        5.011872E-02        0.000000E+00 W1620+4434
        54        3.162278E+00        7.943282E-02        4.666667E-01 W1621+2542
        55        1.989697E+01        7.943282E-02        0.000000E+00 W1659+6104
        56        3.981072E+00        1.000000E-01        0.000000E+00 W1700+2538
        57        1.995262E+01        0.000000E+00        1.000000E+00 W1728+7134
        58        1.584893E+01        0.000000E+00        1.000000E+00 W1741+5001
        59        1.995262E+00        5.011872E-02        1.400000E+00 W1741+6747
        60        3.967882E+00        7.943282E-02        1.400000E+00 W2026+0716
        61        1.584893E+01        1.000000E-01        1.000000E+00 W2052+0952
        62        7.943282E+00        1.000000E-02        1.400000E+00 W2133+0336
        63        6.133917E+00        7.943282E-02        0.000000E+00 W2218+0245
        64        7.943282E+00        5.011872E-02        1.400000E+00 W2218+2055
        65        1.584893E+01        1.000000E-01        1.000000E+00 W2238+2110
        66        1.258925E+01        1.000000E-01        1.400000E+00 W2238+2653
        67        3.162278E+01        0.000000E+00        1.000000E+00 W2242+1601
        68        6.309573E+00        0.000000E+00        1.400000E+00 W2259+1044
        69        3.162278E+00        1.000000E-01        1.400000E+00 W2300+0212
        70        7.943282E+00        1.000000E-01        1.400000E+00 W2305-0039
        71        1.760195E+01        0.000000E+00        1.000000E+00 W2352+3824
        72        3.826768E+00        0.000000E+00        0.000000E+00 W2357+0328
        73        3.981072E+00        0.000000E+00        1.400000E+00 W2358+3418
