3.034939000000000039e-02 0.000000000000000000e+00 0.000000000000000000e+00 0.000000000000000000e+00 3.490870399178057961e-05 4.283516388124757105e-14
3.105631999999999837e-02 0.000000000000000000e+00 0.000000000000000000e+00 0.000000000000000000e+00 3.780526676599662320e-05 3.185781649824695291e-13
3.177971999999999742e-02 0.000000000000000000e+00 0.000000000000000000e+00 0.000000000000000000e+00 3.844861877627218656e-05 2.056528687066657901e-12
3.251996000000000053e-02 0.000000000000000000e+00 0.000000000000000000e+00 0.000000000000000000e+00 4.086819876037557192e-05 1.161458226569776480e-11
3.327745000000000009e-02 0.000000000000000000e+00 0.000000000000000000e+00 0.000000000000000000e+00 4.192653786819843073e-05 5.806723540537908428e-11
3.405257999999999896e-02 0.000000000000000000e+00 0.000000000000000000e+00 0.000000000000000000e+00 4.182060988686638802e-05 2.592136261589710745e-10
3.484576999999999813e-02 0.000000000000000000e+00 0.000000000000000000e+00 0.000000000000000000e+00 4.419371040078577266e-05 1.041354656603250440e-09
3.565742999999999691e-02 0.000000000000000000e+00 0.000000000000000000e+00 0.000000000000000000e+00 6.130626856023801182e-05 3.788990653465387525e-09
3.648799999999999960e-02 0.000000000000000000e+00 0.000000000000000000e+00 0.000000000000000000e+00 9.172169745943320983e-05 1.255132986291615506e-08
3.733791000000000193e-02 0.000000000000000000e+00 0.000000000000000000e+00 0.000000000000000000e+00 9.823278217144992754e-05 3.818596225169018541e-08
3.820761999999999770e-02 0.000000000000000000e+00 0.000000000000000000e+00 0.000000000000000000e+00 8.677441874043012701e-05 1.073497105011187324e-07
3.909759000000000151e-02 0.000000000000000000e+00 0.000000000000000000e+00 0.000000000000000000e+00 1.079716241233947844e-04 2.803962496735607534e-07
4.000829000000000191e-02 0.000000000000000000e+00 0.000000000000000000e+00 0.000000000000000000e+00 1.444129453396748256e-04 6.834127581868874458e-07
4.094020999999999771e-02 0.000000000000000000e+00 0.000000000000000000e+00 0.000000000000000000e+00 1.624137089952060013e-04 1.559500212862331616e-06
4.189382999999999996e-02 0.000000000000000000e+00 0.000000000000000000e+00 0.000000000000000000e+00 1.548189584835003125e-04 3.353748326922119811e-06
4.286965999999999694e-02 0.000000000000000000e+00 0.000000000000000000e+00 0.000000000000000000e+00 1.475102450972353427e-04 6.826115428738789992e-06
4.386821999999999944e-02 0.000000000000000000e+00 0.000000000000000000e+00 0.000000000000000000e+00 1.660411993370438245e-04 1.320046085390147880e-05
4.489003999999999911e-02 0.000000000000000000e+00 0.000000000000000000e+00 0.000000000000000000e+00 1.759795006935451270e-04 2.432340494618666390e-05
4.593566999999999789e-02 0.000000000000000000e+00 0.000000000000000000e+00 0.000000000000000000e+00 1.621146923878880042e-04 4.279509989033539609e-05
4.700564000000000131e-02 0.000000000000000000e+00 0.000000000000000000e+00 0.000000000000000000e+00 1.657302951713462416e-04 7.225089108916242693e-05
4.810054999999999886e-02 0.000000000000000000e+00 0.000000000000000000e+00 0.000000000000000000e+00 1.788855505252948043e-04 1.174045925793502568e-04
4.922094999999999942e-02 0.000000000000000000e+00 0.000000000000000000e+00 0.000000000000000000e+00 1.708887539821857759e-04 1.841123275668687053e-04
5.036746000000000278e-02 0.000000000000000000e+00 0.000000000000000000e+00 0.000000000000000000e+00 1.931359155816323879e-04 2.791562993220678048e-04
5.154066000000000203e-02 0.000000000000000000e+00 0.000000000000000000e+00 0.000000000000000000e+00 2.868205919201431307e-04 4.097283159701459263e-04
5.274120000000000197e-02 0.000000000000000000e+00 0.000000000000000000e+00 0.000000000000000000e+00 2.682279437399089257e-04 5.842344040361002484e-04
5.396970000000000239e-02 0.000000000000000000e+00 0.000000000000000000e+00 0.000000000000000000e+00 2.262932046712336795e-04 8.109445893319562485e-04
5.522682000000000285e-02 1.493710670928904818e-306 0.000000000000000000e+00 0.000000000000000000e+00 2.390509723202161865e-04 1.097626289108974158e-03
5.651322000000000290e-02 5.797974525092549087e-286 0.000000000000000000e+00 0.000000000000000000e+00 3.084346185526691086e-04 1.450312484582896855e-03
5.782957999999999849e-02 7.600646150429024714e-267 0.000000000000000000e+00 0.000000000000000000e+00 3.221024530834871243e-04 1.871952217158034688e-03
5.917660000000000281e-02 4.283427653912323483e-249 0.000000000000000000e+00 0.000000000000000000e+00 3.111345187124707284e-04 2.366682263830207408e-03
6.055499999999999772e-02 1.297470878765741378e-232 0.000000000000000000e+00 0.000000000000000000e+00 2.740773408800992249e-04 2.935016142573964280e-03
6.196551000000000142e-02 2.599944487434227006e-217 0.000000000000000000e+00 0.000000000000000000e+00 3.292018915052999698e-04 3.574781933460410496e-03
6.340887000000000606e-02 4.179428755658849554e-203 0.000000000000000000e+00 0.000000000000000000e+00 3.428880031388301932e-04 4.279578632834083775e-03
6.488584999999999492e-02 6.445435277626031094e-190 0.000000000000000000e+00 0.000000000000000000e+00 3.458469351069088662e-04 5.037511918123669698e-03
6.639723999999999626e-02 1.128176865844013186e-177 0.000000000000000000e+00 0.000000000000000000e+00 3.499061049934254464e-04 5.842406323620936981e-03
6.794382999999999673e-02 2.618155375451503439e-166 0.000000000000000000e+00 0.000000000000000000e+00 3.539725004659261117e-04 6.683147027678223821e-03
6.952643999999999491e-02 9.307722267105128098e-156 0.000000000000000000e+00 0.000000000000000000e+00 3.525520558874553167e-04 7.547090544122381055e-03
7.114592000000000138e-02 5.795207575051682399e-146 0.000000000000000000e+00 0.000000000000000000e+00 3.560261938167527500e-04 8.417412751680654337e-03
7.280311999999999895e-02 7.155004848236468408e-137 0.000000000000000000e+00 0.000000000000000000e+00 4.001190722112678310e-04 9.273425668519161974e-03
7.449893000000000487e-02 1.968935008001474505e-128 0.000000000000000000e+00 0.000000000000000000e+00 3.915448857129774792e-04 1.010768697555051478e-02
7.623423000000000005e-02 1.345226179739487328e-120 0.000000000000000000e+00 0.000000000000000000e+00 3.676705189245767658e-04 1.090768393394279945e-02
7.800994999999999457e-02 2.522399376083973987e-113 0.000000000000000000e+00 0.000000000000000000e+00 3.747229585476682359e-04 1.166114969308037867e-02
7.982704000000000188e-02 1.424348425162563562e-106 0.000000000000000000e+00 0.000000000000000000e+00 3.877905997685242865e-04 1.235422180603132011e-02
8.168644999999999379e-02 2.639967216014913897e-100 0.000000000000000000e+00 0.000000000000000000e+00 3.974487296388423533e-04 1.297199975595772665e-02
8.358917000000000430e-02 1.741775526545430802e-94 0.000000000000000000e+00 0.000000000000000000e+00 3.542147278515706205e-04 1.351617803944748196e-02
8.553621000000000141e-02 4.408396351572958399e-89 0.000000000000000000e+00 0.000000000000000000e+00 3.928137805018029941e-04 1.398337149375010816e-02
8.752861000000000669e-02 4.588157855890603280e-84 0.000000000000000000e+00 0.000000000000000000e+00 4.039108175545884274e-04 1.437213698201865800e-02
8.956741000000000008e-02 2.094142536083983667e-79 0.000000000000000000e+00 0.000000000000000000e+00 4.042211468947771763e-04 1.467989540190840596e-02
9.165370000000000461e-02 8.035432693374296874e-74 0.000000000000000000e+00 0.000000000000000000e+00 1.169665640496240708e-02 2.691698137188657247e-01
9.378859000000000501e-02 8.403496307100323191e-70 0.000000000000000000e+00 0.000000000000000000e+00 3.699546345375089029e-02 2.718159265556830961e-01
9.597321000000000324e-02 4.573890597660789913e-66 0.000000000000000000e+00 0.000000000000000000e+00 5.528537264940404372e-02 2.742481725273691606e-01
9.820871000000000461e-02 1.358487094299168281e-62 0.000000000000000000e+00 0.000000000000000000e+00 3.860227688574768834e-02 2.764054351123784725e-01
1.004962999999999967e-01 2.300215233239331217e-59 0.000000000000000000e+00 0.000000000000000000e+00 5.998501827897506633e-02 2.781713548769204070e-01
1.028371000000000007e-01 2.394160689903786057e-56 0.000000000000000000e+00 0.000000000000000000e+00 5.277861773754705804e-02 2.893214441050966368e-01
1.052325000000000066e-01 1.489996055179827827e-53 0.000000000000000000e+00 0.000000000000000000e+00 7.803981663040648886e-02 2.912200685888076124e-01
1.076836999999999933e-01 5.925055678785405916e-51 0.000000000000000000e+00 0.000000000000000000e+00 6.988723894044050755e-02 2.926523294446928269e-01
1.101919999999999983e-01 1.554973948130992610e-48 0.000000000000000000e+00 0.000000000000000000e+00 7.510097842867458073e-02 2.935080551907345292e-01
1.127587000000000034e-01 2.746190454081043589e-46 0.000000000000000000e+00 0.000000000000000000e+00 7.149949387825325908e-02 2.906102854889865417e-01
1.153851999999999933e-01 3.523914224600721746e-44 0.000000000000000000e+00 0.000000000000000000e+00 7.524908065991493811e-02 2.982136501480115998e-01
1.180728000000000055e-01 3.409407580307865071e-42 0.000000000000000000e+00 0.000000000000000000e+00 6.442989347817923429e-02 3.206468510214756096e-01
1.208231000000000027e-01 2.300966658587574002e-40 0.000000000000000000e+00 0.000000000000000000e+00 4.867969261744872767e-02 3.262456510167975332e-01
1.236373999999999945e-01 1.152139170736972017e-38 0.000000000000000000e+00 0.000000000000000000e+00 8.084043915752404941e-02 3.267050540314059837e-01
1.265172999999999992e-01 4.151713017784384726e-37 0.000000000000000000e+00 0.000000000000000000e+00 8.779557016729033769e-02 3.059386549701073599e-01
1.294643000000000044e-01 1.230111950425515622e-35 0.000000000000000000e+00 0.000000000000000000e+00 8.743620262048980296e-02 3.002805932063062344e-01
1.324799000000000115e-01 2.936998649343485444e-34 0.000000000000000000e+00 0.000000000000000000e+00 9.167294394602858165e-02 2.974310081598960931e-01
1.355657999999999863e-01 5.688211770214676212e-33 0.000000000000000000e+00 0.000000000000000000e+00 9.111400490019207210e-02 2.944219973767157050e-01
1.387234999999999996e-01 9.071386539794629407e-32 0.000000000000000000e+00 0.000000000000000000e+00 7.952694445836480663e-02 2.912225070679430594e-01
1.419547999999999921e-01 1.209154531814633623e-30 0.000000000000000000e+00 0.000000000000000000e+00 7.891219470427650318e-02 2.881224312338709903e-01
1.452613000000000099e-01 1.382693840707828043e-29 0.000000000000000000e+00 0.000000000000000000e+00 8.183446203299205024e-02 2.889170473554222296e-01
1.486448999999999965e-01 1.432478833336168123e-28 0.000000000000000000e+00 0.000000000000000000e+00 7.785114334148852955e-02 3.064540565875367162e-01
1.521073000000000008e-01 1.302600086592114708e-27 0.000000000000000000e+00 0.000000000000000000e+00 7.811567936401020429e-02 3.295267690094396684e-01
1.556502999999999914e-01 9.250284541216465270e-27 0.000000000000000000e+00 0.000000000000000000e+00 7.837091975415365341e-02 3.164497714368751935e-01
1.592758999999999980e-01 5.403681559588963109e-26 0.000000000000000000e+00 0.000000000000000000e+00 7.861371922860151129e-02 2.833037921751410115e-01
1.629858999999999891e-01 2.966896558699576882e-25 0.000000000000000000e+00 0.000000000000000000e+00 7.887007084045280503e-02 2.679512607756328602e-01
1.667822999999999944e-01 1.513696906273099888e-24 0.000000000000000000e+00 0.000000000000000000e+00 7.923230783720336401e-02 2.627448979114327954e-01
1.706671999999999911e-01 7.004232509902991490e-24 0.000000000000000000e+00 0.000000000000000000e+00 7.973806711140794812e-02 2.583298849758963733e-01
1.746425000000000061e-01 3.058242235232595905e-23 0.000000000000000000e+00 0.000000000000000000e+00 8.035070186587416063e-02 2.538406535739089476e-01
1.787104999999999944e-01 1.276528078135812754e-22 0.000000000000000000e+00 0.000000000000000000e+00 8.115542203534945043e-02 2.491334777105981002e-01
1.828732000000000135e-01 5.093293594863917993e-22 0.000000000000000000e+00 0.000000000000000000e+00 8.179389426566242849e-02 2.441880057031232676e-01
1.871327999999999880e-01 1.944381672319601170e-21 0.000000000000000000e+00 0.000000000000000000e+00 8.243254333411378920e-02 2.391085876863223436e-01
1.914916999999999869e-01 7.116846786701724554e-21 0.000000000000000000e+00 0.000000000000000000e+00 8.303382852193742780e-02 2.340302371360675482e-01
1.959520999999999902e-01 2.504806733414626763e-20 0.000000000000000000e+00 0.000000000000000000e+00 8.341042151546848582e-02 2.288792996065483476e-01
2.005164999999999864e-01 8.525409751486060270e-20 0.000000000000000000e+00 0.000000000000000000e+00 8.380637954023591185e-02 2.236807269381112795e-01
2.051871000000000111e-01 2.832867805495965448e-19 0.000000000000000000e+00 0.000000000000000000e+00 8.398497923256066644e-02 2.186659906385354790e-01
2.099665000000000004e-01 9.295339359741390906e-19 0.000000000000000000e+00 0.000000000000000000e+00 8.417807714605848868e-02 2.139499203486321388e-01
2.148573000000000011e-01 3.047942249831250360e-18 0.000000000000000000e+00 0.000000000000000000e+00 8.433755613493587600e-02 2.096294397162882239e-01
2.198618999999999990e-01 1.009042001111215598e-17 0.000000000000000000e+00 0.000000000000000000e+00 8.449844426534613984e-02 2.059822767740575600e-01
2.249831999999999943e-01 3.386354945537643259e-17 0.000000000000000000e+00 0.000000000000000000e+00 8.464682026054808073e-02 2.031391378554656957e-01
2.302237000000000033e-01 1.147888520753201308e-16 0.000000000000000000e+00 0.000000000000000000e+00 8.474293833082920113e-02 2.010187051160707561e-01
2.355862999999999985e-01 3.894727687020439529e-16 0.000000000000000000e+00 0.000000000000000000e+00 8.469052335511358109e-02 1.994661844874399126e-01
2.410738000000000048e-01 1.308185811705312596e-15 0.000000000000000000e+00 0.000000000000000000e+00 8.450907494392431718e-02 1.983029951199745122e-01
2.466890999999999945e-01 4.307047991503052982e-15 0.000000000000000000e+00 0.000000000000000000e+00 8.416647641594669771e-02 1.973699934492058605e-01
2.524352999999999736e-01 1.380918052806832024e-14 0.000000000000000000e+00 0.000000000000000000e+00 8.371955994149550551e-02 1.966606980508488756e-01
2.583152000000000226e-01 4.308186488855229017e-14 0.000000000000000000e+00 0.000000000000000000e+00 8.319281499690774073e-02 1.967530744654152897e-01
2.643322000000000171e-01 1.354397149692942353e-13 0.000000000000000000e+00 0.000000000000000000e+00 8.265017231006935305e-02 2.049877551796431829e-01
2.704892999999999881e-01 4.543564411982063365e-13 0.000000000000000000e+00 0.000000000000000000e+00 8.211656981708731484e-02 2.355066078690075115e-01
2.767897999999999747e-01 1.402204224941046658e-12 0.000000000000000000e+00 0.000000000000000000e+00 8.171187593468876020e-02 2.569934478310521575e-01
2.832370000000000165e-01 3.449231328670015184e-12 0.000000000000000000e+00 0.000000000000000000e+00 8.139254578989371658e-02 2.304833767395402799e-01
2.898344999999999949e-01 7.813053459366206553e-12 0.000000000000000000e+00 0.000000000000000000e+00 8.119309122606499507e-02 1.959756700934563445e-01
2.965856000000000048e-01 1.903698182244392928e-11 0.000000000000000000e+00 0.000000000000000000e+00 8.125087989799784083e-02 1.842713187507386274e-01
3.034938999999999831e-01 4.682573311683036969e-11 0.000000000000000000e+00 0.000000000000000000e+00 8.156949792473996985e-02 1.795678642288683624e-01
3.105631999999999837e-01 1.122877001271115889e-10 0.000000000000000000e+00 0.000000000000000000e+00 8.225289350210705785e-02 1.749072571512670093e-01
3.177972000000000019e-01 2.621806655048307922e-10 0.000000000000000000e+00 0.000000000000000000e+00 8.332521192025829637e-02 1.698824685462744788e-01
3.251995999999999776e-01 5.971636958903865717e-10 0.000000000000000000e+00 0.000000000000000000e+00 8.482395112301668871e-02 1.646635488618386489e-01
3.327744999999999731e-01 1.135873061577916409e-09 0.000000000000000000e+00 0.000000000000000000e+00 8.687880526650415547e-02 1.591812377836666903e-01
3.405257999999999896e-01 1.604128574827700018e-09 0.000000000000000000e+00 0.000000000000000000e+00 8.923701620890443775e-02 1.533512892279846884e-01
3.484576999999999813e-01 2.118078219564012250e-09 0.000000000000000000e+00 0.000000000000000000e+00 9.228444010574628209e-02 1.475203828564774500e-01
3.565743000000000107e-01 2.687120325097613746e-09 0.000000000000000000e+00 0.000000000000000000e+00 9.076222261022130755e-02 1.416784308350439725e-01
3.648799999999999821e-01 3.366874793935645959e-09 0.000000000000000000e+00 0.000000000000000000e+00 9.892534546618923785e-02 1.358976934001479009e-01
3.733791000000000193e-01 4.263713670167945338e-09 0.000000000000000000e+00 0.000000000000000000e+00 1.539868933979585686e-01 1.302230061191183008e-01
3.820761999999999770e-01 5.548877181919872783e-09 0.000000000000000000e+00 0.000000000000000000e+00 1.216694932113401295e-01 1.246508097775019253e-01
3.909758999999999873e-01 7.501192235542133299e-09 0.000000000000000000e+00 0.000000000000000000e+00 1.300962948271912611e-01 1.192413488410374589e-01
4.000829000000000191e-01 1.058186084571311617e-08 0.000000000000000000e+00 0.000000000000000000e+00 1.380429903004535830e-01 1.140309033058754806e-01
4.094020999999999910e-01 1.557359460925491442e-08 0.000000000000000000e+00 0.000000000000000000e+00 1.423480755719062629e-01 1.090673182928411367e-01
4.189382999999999857e-01 2.381398333566004440e-08 0.000000000000000000e+00 0.000000000000000000e+00 1.445502970272601051e-01 1.043909704014976403e-01
4.286965999999999832e-01 3.757249372876596094e-08 0.000000000000000000e+00 0.000000000000000000e+00 1.405275363030077107e-01 1.000132540373916273e-01
4.386822000000000221e-01 6.065748802577784154e-08 0.000000000000000000e+00 0.000000000000000000e+00 1.451626949375330322e-01 9.595758734403768420e-02
4.489003999999999772e-01 1.000336526702883948e-07 0.000000000000000000e+00 0.000000000000000000e+00 1.472060603669949341e-01 9.291041818635741023e-02
4.593567000000000067e-01 1.787319373468001951e-07 0.000000000000000000e+00 0.000000000000000000e+00 1.474109777706828772e-01 9.716899217194877036e-02
4.700563999999999854e-01 3.708992826885398565e-07 0.000000000000000000e+00 0.000000000000000000e+00 1.464690660655879884e-01 1.186535353681753557e-01
4.810054999999999747e-01 6.876861780475724854e-07 0.000000000000000000e+00 0.000000000000000000e+00 1.541364934889522809e-01 1.310600000612604510e-01
4.922095000000000220e-01 9.397927049527482590e-07 0.000000000000000000e+00 0.000000000000000000e+00 1.722810877100917903e-01 1.086250708400936238e-01
5.036745999999999723e-01 1.169587150784598325e-06 0.000000000000000000e+00 0.000000000000000000e+00 1.966740543790868878e-01 8.379334075370506452e-02
5.154066000000000480e-01 1.680923654335618078e-06 0.000000000000000000e+00 0.000000000000000000e+00 1.381967915455160345e-01 7.646315632828838693e-02
5.274119999999999919e-01 2.509788606521148511e-06 0.000000000000000000e+00 0.000000000000000000e+00 1.399057872102885403e-01 7.430767540272975591e-02
5.396969999999999823e-01 3.677608230307434578e-06 0.000000000000000000e+00 0.000000000000000000e+00 1.355610219269979266e-01 7.259959662121326374e-02
5.522681999999999869e-01 5.279513769739816673e-06 0.000000000000000000e+00 0.000000000000000000e+00 1.358533770985929368e-01 7.105891460387135650e-02
5.651321999999999734e-01 7.446134814870576260e-06 0.000000000000000000e+00 0.000000000000000000e+00 1.350140107594891836e-01 6.967730188350849951e-02
5.782958000000000265e-01 1.035257040922746425e-05 0.000000000000000000e+00 0.000000000000000000e+00 1.353994081583918541e-01 6.844202156395716441e-02
5.917660000000000142e-01 1.424243728483941679e-05 0.000000000000000000e+00 0.000000000000000000e+00 1.363476612995878079e-01 6.733843196473439374e-02
6.055500000000000327e-01 1.963539306734618620e-05 0.000000000000000000e+00 0.000000000000000000e+00 1.362607627560286083e-01 6.693346049017757926e-02
6.196551000000000142e-01 2.965700388334217567e-05 0.000000000000000000e+00 0.000000000000000000e+00 1.354023794395824432e-01 7.318587505172413632e-02
6.340886999999999496e-01 5.416801246529209107e-05 0.000000000000000000e+00 0.000000000000000000e+00 1.341580207058128971e-01 9.679882141726849076e-02
6.488585000000000047e-01 8.721932308152800860e-05 0.000000000000000000e+00 0.000000000000000000e+00 1.328183395498408748e-01 1.125239978422896969e-01
6.639724000000000181e-01 9.898115991082594763e-05 0.000000000000000000e+00 0.000000000000000000e+00 1.312514850338668271e-01 9.165782085780178889e-02
6.794383000000000505e-01 1.006154701602244309e-04 0.000000000000000000e+00 0.000000000000000000e+00 1.295644046485844858e-01 6.635202469549009163e-02
6.952644000000000046e-01 1.266425860263991449e-04 0.000000000000000000e+00 0.000000000000000000e+00 1.278224842737156197e-01 5.893678041966966125e-02
7.114591999999999583e-01 1.752025149828912722e-04 0.000000000000000000e+00 0.000000000000000000e+00 1.258276576453878082e-01 5.699579894646590594e-02
7.280311999999999895e-01 2.458496659062538278e-04 0.000000000000000000e+00 0.000000000000000000e+00 1.238574204751783786e-01 5.540827898771970988e-02
7.449892999999999654e-01 3.478430072098545904e-04 0.000000000000000000e+00 0.000000000000000000e+00 1.219652392740100538e-01 5.390465407996985342e-02
7.623423000000000282e-01 4.955587219505776632e-04 0.000000000000000000e+00 0.000000000000000000e+00 1.200124174337103278e-01 5.253371590237504440e-02
7.800994999999999457e-01 7.091763571929399950e-04 0.000000000000000000e+00 0.000000000000000000e+00 1.182438610162173664e-01 5.133015794254264935e-02
7.982704000000000466e-01 1.015581106191350410e-03 0.000000000000000000e+00 0.000000000000000000e+00 1.165377988887346811e-01 5.029967179761029444e-02
8.168644999999999934e-01 1.448442210796369598e-03 0.000000000000000000e+00 0.000000000000000000e+00 1.149205004188534329e-01 4.943857715871670389e-02
8.358917000000000153e-01 2.045760823136823659e-03 0.000000000000000000e+00 0.000000000000000000e+00 1.134815528784387934e-01 4.873664201602550400e-02
8.553621000000000141e-01 2.843039681942083861e-03 0.000000000000000000e+00 0.000000000000000000e+00 1.122157027026502024e-01 4.817949165471976242e-02
8.752860999999999558e-01 3.861184081946392958e-03 0.000000000000000000e+00 0.000000000000000000e+00 1.110535261099613313e-01 4.776250920785229948e-02
8.956741000000000286e-01 5.087078220362799275e-03 0.000000000000000000e+00 0.000000000000000000e+00 1.099841711997021076e-01 4.747936014234372532e-02
9.165370000000000461e-01 6.524922366188776190e-03 0.000000000000000000e+00 0.000000000000000000e+00 1.088951542823498597e-01 4.731449916987541526e-02
9.378859000000000501e-01 8.291146574705894959e-03 0.000000000000000000e+00 0.000000000000000000e+00 1.078333990701553780e-01 4.726713767387257653e-02
9.597320999999999769e-01 1.046828215497511844e-02 0.000000000000000000e+00 0.000000000000000000e+00 1.069743345788739947e-01 4.733125932649773215e-02
9.820870999999999906e-01 1.313250260728040381e-02 0.000000000000000000e+00 0.000000000000000000e+00 1.063396261277450433e-01 4.749105433623244249e-02
1.004963000000000051e+00 1.636753818410768488e-02 0.000000000000000000e+00 0.000000000000000000e+00 1.040374056415022674e-01 4.772761871144956536e-02
1.028370999999999924e+00 2.026651257371256051e-02 0.000000000000000000e+00 0.000000000000000000e+00 1.011047031947018282e-01 4.802744074587659423e-02
1.052324999999999955e+00 2.493969031004413320e-02 0.000000000000000000e+00 0.000000000000000000e+00 9.751879060700037460e-02 4.839534851908301044e-02
1.076837000000000044e+00 3.050541444621302639e-02 0.000000000000000000e+00 0.000000000000000000e+00 9.276770977188013301e-02 4.882592304983783549e-02
1.101920000000000011e+00 3.709012025994581907e-02 0.000000000000000000e+00 0.000000000000000000e+00 8.967108734622868116e-02 4.931018213417622670e-02
1.127586999999999895e+00 4.484307021581086100e-02 0.000000000000000000e+00 0.000000000000000000e+00 8.674115433451583257e-02 4.985533367953413203e-02
1.153852000000000100e+00 5.394755034721309545e-02 0.000000000000000000e+00 0.000000000000000000e+00 8.392427484687248196e-02 5.048382896018679955e-02
1.180728000000000000e+00 6.461996070043873885e-02 0.000000000000000000e+00 0.000000000000000000e+00 8.096800643534526887e-02 5.121946108684884147e-02
1.208231000000000055e+00 7.708668821605421662e-02 0.000000000000000000e+00 0.000000000000000000e+00 7.826099809624786907e-02 5.206667361661512089e-02
1.236374000000000084e+00 9.160101007278721730e-02 0.000000000000000000e+00 0.000000000000000000e+00 7.617341408023599325e-02 5.303000900822787966e-02
1.265173000000000103e+00 1.084388264035115873e-01 0.000000000000000000e+00 0.000000000000000000e+00 7.356248574141671659e-02 5.411081455835313470e-02
1.294642999999999988e+00 1.279017100542410856e-01 0.000000000000000000e+00 0.000000000000000000e+00 7.067031394483935802e-02 5.530973612111608761e-02
1.324799000000000060e+00 1.503397708303736702e-01 0.000000000000000000e+00 0.000000000000000000e+00 6.899049301970958115e-02 5.663537543574875127e-02
1.355658000000000030e+00 1.761767889943489651e-01 0.000000000000000000e+00 0.000000000000000000e+00 6.738325500160544101e-02 5.810742103877172826e-02
1.387234999999999996e+00 2.058687797709960743e-01 0.000000000000000000e+00 0.000000000000000000e+00 6.615256278248476951e-02 5.973699999458242232e-02
1.419548000000000032e+00 2.398944810714643272e-01 0.000000000000000000e+00 0.000000000000000000e+00 6.452081465729155030e-02 6.152728028671679977e-02
1.452612999999999932e+00 2.787884263246093730e-01 0.000000000000000000e+00 0.000000000000000000e+00 6.334410805775136932e-02 6.348448518227389759e-02
1.486448999999999909e+00 3.231228211084565816e-01 0.000000000000000000e+00 0.000000000000000000e+00 6.237504058043447097e-02 6.561237427319017990e-02
1.521072999999999897e+00 3.734637221923459705e-01 0.000000000000000000e+00 0.000000000000000000e+00 6.211603774281573842e-02 6.790523386130008221e-02
1.556502999999999970e+00 4.304707071278080499e-01 0.000000000000000000e+00 0.000000000000000000e+00 6.078525425219918205e-02 7.036888347164002577e-02
1.592759000000000036e+00 4.948037494919574342e-01 0.000000000000000000e+00 0.000000000000000000e+00 5.759485539290754019e-02 7.300191704403767579e-02
1.629858999999999947e+00 5.670441316588015201e-01 0.000000000000000000e+00 0.000000000000000000e+00 5.710176380654196499e-02 7.578847264282956298e-02
1.667823000000000055e+00 6.476113040299463774e-01 0.000000000000000000e+00 0.000000000000000000e+00 5.519132304399531480e-02 7.869507017253264680e-02
1.706671999999999967e+00 7.369639142120236741e-01 0.000000000000000000e+00 0.000000000000000000e+00 5.342107491544909742e-02 8.170170175467268703e-02
1.746424999999999894e+00 8.355649429186267074e-01 0.000000000000000000e+00 0.000000000000000000e+00 5.069023546693671167e-02 8.479437725783320334e-02
1.787104999999999944e+00 9.436631041050339563e-01 0.000000000000000000e+00 0.000000000000000000e+00 4.868310145238816111e-02 8.794338946023633197e-02
1.828732000000000024e+00 1.061150316492129653e+00 0.000000000000000000e+00 0.000000000000000000e+00 4.614789318286263708e-02 9.109804818537339810e-02
1.871328000000000102e+00 1.187887721446838851e+00 0.000000000000000000e+00 0.000000000000000000e+00 4.364306140714940135e-02 9.422172496423812660e-02
1.914916999999999980e+00 1.323744323308197135e+00 0.000000000000000000e+00 0.000000000000000000e+00 4.173394149574656542e-02 9.729120756740544662e-02
1.959521000000000068e+00 1.468240118260828231e+00 0.000000000000000000e+00 0.000000000000000000e+00 3.951268521684154350e-02 1.002686630814658975e-01
2.005164999999999864e+00 1.621437657364584117e+00 0.000000000000000000e+00 0.000000000000000000e+00 3.795705429660437696e-02 1.031639659555585870e-01
2.051870999999999778e+00 1.783672059536674626e+00 0.000000000000000000e+00 0.000000000000000000e+00 3.624671627140559765e-02 1.060037308107055765e-01
2.099664999999999893e+00 1.955509416485927021e+00 0.000000000000000000e+00 0.000000000000000000e+00 3.452376952337896793e-02 1.088234365165495071e-01
2.148572999999999844e+00 2.137010049802404499e+00 0.000000000000000000e+00 0.000000000000000000e+00 3.299565186592115507e-02 1.116257158934845645e-01
2.198618999999999879e+00 2.327875402824092887e+00 0.000000000000000000e+00 0.000000000000000000e+00 3.134627629525382764e-02 1.143967198920677053e-01
2.249832000000000054e+00 2.527416179981766486e+00 0.000000000000000000e+00 0.000000000000000000e+00 2.988535235108995269e-02 1.171092774926500990e-01
2.302236999999999867e+00 2.734285911275935010e+00 0.000000000000000000e+00 0.000000000000000000e+00 2.679464274847729796e-02 1.197150119305039062e-01
2.355862999999999818e+00 2.949221217245790783e+00 0.000000000000000000e+00 0.000000000000000000e+00 2.366239448202983944e-02 1.222637774910950298e-01
2.410737999999999825e+00 3.171560712635507873e+00 0.000000000000000000e+00 0.000000000000000000e+00 2.189605951900973346e-02 1.247418814958765332e-01
2.466890999999999945e+00 3.399234375736403191e+00 0.000000000000000000e+00 0.000000000000000000e+00 2.080790060820172926e-02 1.270869018753411073e-01
2.524353000000000069e+00 3.631052140349439572e+00 0.000000000000000000e+00 0.000000000000000000e+00 2.029156518802264705e-02 1.292807745580992207e-01
2.583152000000000115e+00 3.866149916174750345e+00 0.000000000000000000e+00 0.000000000000000000e+00 1.954678527432176724e-02 1.313209816555636900e-01
2.643321999999999949e+00 4.104062758498602470e+00 0.000000000000000000e+00 0.000000000000000000e+00 1.891472765998531563e-02 1.332194030083289904e-01
2.704893000000000214e+00 4.344310051144282703e+00 0.000000000000000000e+00 0.000000000000000000e+00 1.840672963524266764e-02 1.349862004291658146e-01
2.767898000000000192e+00 4.587787310810514718e+00 0.000000000000000000e+00 0.000000000000000000e+00 1.776476097629202736e-02 1.366714563821125883e-01
2.832370000000000054e+00 4.835012548611649308e+00 0.000000000000000000e+00 0.000000000000000000e+00 1.711168396320229823e-02 1.383069201122271996e-01
2.898344999999999949e+00 5.086778206541434422e+00 0.000000000000000000e+00 0.000000000000000000e+00 1.639862517566830977e-02 1.399272849731403867e-01
2.965856000000000048e+00 5.345659566081971015e+00 0.000000000000000000e+00 0.000000000000000000e+00 1.566503510014398415e-02 1.416095031215628686e-01
3.034939000000000053e+00 5.612446151644235215e+00 0.000000000000000000e+00 0.000000000000000000e+00 1.487389076965764043e-02 1.433740262395038489e-01
3.105631999999999948e+00 5.885468306716142628e+00 0.000000000000000000e+00 0.000000000000000000e+00 1.411118240161277244e-02 1.451779067110991195e-01
3.177972000000000019e+00 6.163095001274269791e+00 0.000000000000000000e+00 0.000000000000000000e+00 1.341742227719065587e-02 1.469848946243340893e-01
3.251996000000000109e+00 6.445026876273350247e+00 0.000000000000000000e+00 0.000000000000000000e+00 1.510692144172508244e-02 1.487941689430280212e-01
3.327745000000000175e+00 6.726983644123174955e+00 0.000000000000000000e+00 0.000000000000000000e+00 1.815469885116124948e-02 1.505159374384231752e-01
3.405257999999999896e+00 7.005117940875216220e+00 0.000000000000000000e+00 0.000000000000000000e+00 1.413346476295551830e-02 1.520804586030848338e-01
3.484576999999999813e+00 7.275093346924042415e+00 0.000000000000000000e+00 0.000000000000000000e+00 1.261708904551512092e-02 1.534155126779978284e-01
3.565742999999999885e+00 7.534983371610770142e+00 0.000000000000000000e+00 0.000000000000000000e+00 1.048717861711561360e-02 1.545059788438201409e-01
3.648800000000000043e+00 7.784019481613327684e+00 0.000000000000000000e+00 0.000000000000000000e+00 9.686277087889251514e-03 1.553610006781483699e-01
3.733791000000000082e+00 8.021633341378143101e+00 0.000000000000000000e+00 0.000000000000000000e+00 9.126473484269977815e-03 1.559921376769121681e-01
3.820762000000000214e+00 8.248995575590857499e+00 0.000000000000000000e+00 0.000000000000000000e+00 8.713241671672108599e-03 1.564422141119435616e-01
3.909759000000000206e+00 8.468841766395929227e+00 0.000000000000000000e+00 0.000000000000000000e+00 8.291832855711857991e-03 1.567783510472166297e-01
4.000829000000000413e+00 8.684738251247779317e+00 0.000000000000000000e+00 0.000000000000000000e+00 7.864353327600858909e-03 1.570759840239216998e-01
4.094020999999999688e+00 8.902961915225068523e+00 0.000000000000000000e+00 0.000000000000000000e+00 7.513623173196764746e-03 1.574513717312443217e-01
4.189383000000000301e+00 9.130008154820728805e+00 0.000000000000000000e+00 0.000000000000000000e+00 7.198780958626718046e-03 1.580143335277643390e-01
4.286965999999999610e+00 9.370399144146636772e+00 0.000000000000000000e+00 0.000000000000000000e+00 6.713785489296207609e-03 1.588321446667336212e-01
4.386822000000000443e+00 9.627206280385557591e+00 0.000000000000000000e+00 0.000000000000000000e+00 5.943016259314152366e-03 1.599428211623439289e-01
4.489004000000000438e+00 9.902111373434863140e+00 0.000000000000000000e+00 0.000000000000000000e+00 5.535604702284049883e-03 1.613591661107623698e-01
4.593567000000000178e+00 1.019651949231401389e+01 0.000000000000000000e+00 0.000000000000000000e+00 5.385286054123365057e-03 1.630890481732044650e-01
4.700563999999999965e+00 1.051070696771692425e+01 0.000000000000000000e+00 0.000000000000000000e+00 5.369524044954794746e-03 1.651225208167392544e-01
4.810055000000000192e+00 1.084224907932443216e+01 0.000000000000000000e+00 0.000000000000000000e+00 5.393090993982659759e-03 1.674091177853195000e-01
4.922094999999999665e+00 1.118487708727140628e+01 0.000000000000000000e+00 0.000000000000000000e+00 5.405930829872028498e-03 1.698438279391886185e-01
5.036745999999999945e+00 1.153301470999506684e+01 0.000000000000000000e+00 0.000000000000000000e+00 5.445659458480528979e-03 1.723390729584184655e-01
5.154066000000000258e+00 1.188280918883930681e+01 0.000000000000000000e+00 0.000000000000000000e+00 5.536095027761318843e-03 1.748381971551778158e-01
5.274119999999999919e+00 1.222702605506120044e+01 0.000000000000000000e+00 0.000000000000000000e+00 5.686497553721399020e-03 1.772388888924248396e-01
5.396969999999999601e+00 1.256159970217347244e+01 0.000000000000000000e+00 0.000000000000000000e+00 5.863239135446313144e-03 1.794898546044718657e-01
5.522681999999999647e+00 1.288418873866414138e+01 0.000000000000000000e+00 0.000000000000000000e+00 6.069212140334199167e-03 1.815666238029812751e-01
5.651322000000000401e+00 1.319196472147867993e+01 0.000000000000000000e+00 0.000000000000000000e+00 6.286744906014073153e-03 1.834388610179940871e-01
5.782957999999999821e+00 1.348256121380826578e+01 0.000000000000000000e+00 0.000000000000000000e+00 6.516775453350873160e-03 1.850836949495562878e-01
5.917659999999999698e+00 1.375607465617746428e+01 0.000000000000000000e+00 0.000000000000000000e+00 6.761227191109426757e-03 1.865122989071880399e-01
6.055500000000000327e+00 1.401342633880801003e+01 0.000000000000000000e+00 0.000000000000000000e+00 1.263759758256167987e-02 1.877458615381990270e-01
6.196551000000000364e+00 1.425439817363651684e+01 0.000000000000000000e+00 0.000000000000000000e+00 3.849266119219297427e-02 1.887890395367297913e-01
6.340887000000000384e+00 1.447854437913089143e+01 0.000000000000000000e+00 0.000000000000000000e+00 1.940706841760360749e-02 1.896428804200546436e-01
6.488584999999999603e+00 1.468577903252152872e+01 0.000000000000000000e+00 0.000000000000000000e+00 7.931041736044350254e-03 1.903126507440334458e-01
6.639724000000000181e+00 1.487429841184149915e+01 0.000000000000000000e+00 0.000000000000000000e+00 8.212761085056958718e-03 1.907809842485701235e-01
6.794382999999999839e+00 1.504091145030014154e+01 0.000000000000000000e+00 0.000000000000000000e+00 8.517372506236856738e-03 1.910132204903316200e-01
6.952644000000000268e+00 1.518360484554902534e+01 0.000000000000000000e+00 0.000000000000000000e+00 8.851082810407608775e-03 1.909904584996565402e-01
7.114592000000000027e+00 1.530515367729557319e+01 0.000000000000000000e+00 0.000000000000000000e+00 9.601012525277207929e-03 1.907537571464411885e-01
7.280312000000000339e+00 1.541021536367382616e+01 0.000000000000000000e+00 0.000000000000000000e+00 1.913531389662510157e-02 1.903655522950202794e-01
7.449893000000000320e+00 1.550266681699610771e+01 0.000000000000000000e+00 0.000000000000000000e+00 2.792495339339527358e-02 1.898762469855115598e-01
7.623422999999999838e+00 1.559101697699266253e+01 0.000000000000000000e+00 0.000000000000000000e+00 3.547976801793112367e-02 1.893906158124341321e-01
7.800995000000000346e+00 1.568827948726256238e+01 0.000000000000000000e+00 0.000000000000000000e+00 3.274981090940204398e-02 1.890642471610363418e-01
7.982704000000000022e+00 1.580112851774201488e+01 0.000000000000000000e+00 0.000000000000000000e+00 2.875134932961926834e-02 1.889721613101674746e-01
8.168644999999999712e+00 1.593228467560826900e+01 0.000000000000000000e+00 0.000000000000000000e+00 2.096029909735139252e-02 1.891404415675651540e-01
8.358916999999999931e+00 1.608553089803442404e+01 0.000000000000000000e+00 0.000000000000000000e+00 1.250647265727980809e-02 1.896072487671323636e-01
8.553620999999999697e+00 1.626585061549834421e+01 0.000000000000000000e+00 0.000000000000000000e+00 1.270280141133929563e-02 1.904240733729041513e-01
8.752860999999999336e+00 1.647289666772467243e+01 0.000000000000000000e+00 0.000000000000000000e+00 1.306882044193358183e-02 1.915794089981170123e-01
8.956740999999999175e+00 1.670133748033318355e+01 0.000000000000000000e+00 0.000000000000000000e+00 1.244147721596281300e-02 1.930048400993065183e-01
9.165369999999999351e+00 1.694183314278735253e+01 0.000000000000000000e+00 0.000000000000000000e+00 1.199003114060332581e-02 1.945879557804446325e-01
9.378859000000000279e+00 1.718205172164944727e+01 0.000000000000000000e+00 0.000000000000000000e+00 1.186586180595013140e-02 1.961851091405879821e-01
9.597321000000000879e+00 1.740754848028958790e+01 0.000000000000000000e+00 0.000000000000000000e+00 1.194775344969997537e-02 1.976320727711324277e-01
9.820871000000000350e+00 1.760895688460927033e+01 0.000000000000000000e+00 0.000000000000000000e+00 1.200058279137609409e-02 1.988255398771593407e-01
1.004963000000000051e+01 1.778327584130142824e+01 0.000000000000000000e+00 0.000000000000000000e+00 1.173638010460281537e-02 1.997356994358159277e-01
1.028370999999999924e+01 1.792467190207907279e+01 0.000000000000000000e+00 0.000000000000000000e+00 1.170847922711292476e-02 2.003014262126899814e-01
1.052325000000000088e+01 1.803110469371524260e+01 0.000000000000000000e+00 0.000000000000000000e+00 1.174193335215356106e-02 2.005046860159035993e-01
1.076837000000000089e+01 1.810097924500817257e+01 0.000000000000000000e+00 0.000000000000000000e+00 1.177732454952951091e-02 2.003323878801320790e-01
1.101919999999999966e+01 1.813453944878655477e+01 0.000000000000000000e+00 0.000000000000000000e+00 1.592227611812968568e-02 1.997916120748915447e-01
1.127586999999999939e+01 1.812859671051340626e+01 0.000000000000000000e+00 0.000000000000000000e+00 3.901114819801448919e-02 1.988513439052451703e-01
1.153852000000000011e+01 1.808962972649629464e+01 0.000000000000000000e+00 0.000000000000000000e+00 2.317624769665112966e-02 1.975863874230804895e-01
1.180728000000000044e+01 1.806039773991242114e+01 0.000000000000000000e+00 0.000000000000000000e+00 1.187126007350095165e-02 1.964646904395229987e-01
1.208230999999999966e+01 1.806588128996650155e+01 0.000000000000000000e+00 0.000000000000000000e+00 1.193660256514058812e-02 1.957539909847089699e-01
1.236373999999999995e+01 1.813472729922441573e+01 0.000000000000000000e+00 0.000000000000000000e+00 1.201113360479681702e-02 1.957576999089324643e-01
1.265173000000000059e+01 1.827978303484012201e+01 0.000000000000000000e+00 0.000000000000000000e+00 1.214702263024479943e-02 1.966052132172347588e-01
1.294642999999999944e+01 1.848865410305290879e+01 0.000000000000000000e+00 0.000000000000000000e+00 1.227090584570458311e-02 1.981541164917023645e-01
1.324798999999999971e+01 1.876441054116759943e+01 0.000000000000000000e+00 0.000000000000000000e+00 1.238366994882833874e-02 2.004297010650644417e-01
1.355658000000000030e+01 1.916269927100610104e+01 0.000000000000000000e+00 0.000000000000000000e+00 1.248652699641295168e-02 2.040171652645223488e-01
1.387235000000000085e+01 1.974816485654281806e+01 0.000000000000000000e+00 0.000000000000000000e+00 1.258118538728321065e-02 2.095903170116832914e-01
1.419547999999999988e+01 2.060942706504329891e+01 0.000000000000000000e+00 0.000000000000000000e+00 1.266970684564549046e-02 2.180693009273924066e-01
1.452613000000000021e+01 2.172358200767199321e+01 0.000000000000000000e+00 0.000000000000000000e+00 1.275457487448304963e-02 2.291881085039256805e-01
1.486448999999999998e+01 2.293956697848036441e+01 0.000000000000000000e+00 0.000000000000000000e+00 1.283900944709335037e-02 2.413370686169103441e-01
1.521072999999999986e+01 2.406704587905099757e+01 0.000000000000000000e+00 0.000000000000000000e+00 1.292763872598965205e-02 2.525132923046325417e-01
1.556503000000000014e+01 2.496350948263681957e+01 0.000000000000000000e+00 0.000000000000000000e+00 1.304542583983275134e-02 2.612357364293473316e-01
1.592759000000000036e+01 2.560492803080066437e+01 0.000000000000000000e+00 0.000000000000000000e+00 1.335038396163002600e-02 2.672743503817822108e-01
1.629859000000000080e+01 2.600684665594562617e+01 0.000000000000000000e+00 0.000000000000000000e+00 1.371959388804404323e-02 2.708120483728149730e-01
1.667822999999999922e+01 2.615139307150977643e+01 0.000000000000000000e+00 0.000000000000000000e+00 1.412485718404075420e-02 2.716814667702766029e-01
1.706672000000000011e+01 2.598439688005522186e+01 0.000000000000000000e+00 0.000000000000000000e+00 1.457796345070764589e-02 2.693392632314116075e-01
1.746424999999999983e+01 2.545977728369413740e+01 0.000000000000000000e+00 0.000000000000000000e+00 1.508664646352760388e-02 2.633292287307902324e-01
1.787105000000000032e+01 2.458401481618507844e+01 0.000000000000000000e+00 0.000000000000000000e+00 1.564675251462243483e-02 2.537400484204770379e-01
1.828732000000000113e+01 2.336084186834790444e+01 0.000000000000000000e+00 0.000000000000000000e+00 1.623862276378791256e-02 2.406298474251574171e-01
1.871328000000000102e+01 2.194203759775514939e+01 0.000000000000000000e+00 0.000000000000000000e+00 1.683741239799786682e-02 2.255768920392270394e-01
1.914917000000000158e+01 2.055039202958722200e+01 0.000000000000000000e+00 0.000000000000000000e+00 1.748334254385340916e-02 2.108750044492026521e-01
1.959521000000000157e+01 1.944414639431620273e+01 0.000000000000000000e+00 0.000000000000000000e+00 1.820740125525771233e-02 1.991639773778550171e-01
2.005164999999999864e+01 1.882313133231154012e+01 0.000000000000000000e+00 0.000000000000000000e+00 1.888112495217542791e-02 1.924682929607195447e-01
2.051870999999999867e+01 1.887751125050054313e+01 0.000000000000000000e+00 0.000000000000000000e+00 1.949720345542970551e-02 1.927014289042557893e-01
2.099664999999999893e+01 1.960573075877739768e+01 0.000000000000000000e+00 0.000000000000000000e+00 2.002826526661337717e-02 1.998124609959385511e-01
2.148573000000000022e+01 2.096200558476997244e+01 0.000000000000000000e+00 0.000000000000000000e+00 2.044832649816852657e-02 2.133031177540914980e-01
2.198619000000000057e+01 2.292329666383521669e+01 0.000000000000000000e+00 0.000000000000000000e+00 2.075701513595626033e-02 2.329114577309676082e-01
2.249831999999999965e+01 2.540075116559632917e+01 0.000000000000000000e+00 0.000000000000000000e+00 2.104657873810263438e-02 2.577112771406755432e-01
2.302236999999999867e+01 2.820935191910145790e+01 0.000000000000000000e+00 0.000000000000000000e+00 2.114277017359852268e-02 2.858089811429102012e-01
2.355863000000000085e+01 3.113658169298208378e+01 0.000000000000000000e+00 0.000000000000000000e+00 2.097446832292042956e-02 3.150442661812746237e-01
2.410737999999999914e+01 3.402446323420736007e+01 0.000000000000000000e+00 0.000000000000000000e+00 2.059991042749384840e-02 3.438198922233695054e-01
2.466891000000000034e+01 3.677149642122547846e+01 0.000000000000000000e+00 0.000000000000000000e+00 2.012211908302316207e-02 3.711167059119139244e-01
2.524352999999999980e+01 3.929197054060330174e+01 0.000000000000000000e+00 0.000000000000000000e+00 1.964697976053348186e-02 3.960793174699587804e-01
2.583152000000000115e+01 4.155137047988323218e+01 0.000000000000000000e+00 0.000000000000000000e+00 1.928202831278511345e-02 4.183712351765089821e-01
2.643321999999999861e+01 4.353336477358443801e+01 0.000000000000000000e+00 0.000000000000000000e+00 1.923077428763184105e-02 4.378396372055569086e-01
2.704892999999999859e+01 4.523045410398340493e+01 0.000000000000000000e+00 0.000000000000000000e+00 1.937440049753899954e-02 4.544203403647040784e-01
2.767897999999999925e+01 4.664005433082408558e+01 0.000000000000000000e+00 0.000000000000000000e+00 1.965085103247422860e-02 4.680980129211915752e-01
2.832369999999999877e+01 4.774989134878634900e+01 0.000000000000000000e+00 0.000000000000000000e+00 2.005462853912313992e-02 4.787595119667826249e-01
2.898345000000000127e+01 4.855014583879003709e+01 0.000000000000000000e+00 0.000000000000000000e+00 2.056514636051319164e-02 4.863160385413016762e-01
2.965856000000000137e+01 4.900489830093668786e+01 0.000000000000000000e+00 0.000000000000000000e+00 2.109246482872289413e-02 4.904172604970434834e-01
