3.034939000000000039e-02 0.000000000000000000e+00 1.627272585888298490e-05 0.000000000000000000e+00 0.000000000000000000e+00 9.661028249122184663e-02
3.105631999999999837e-02 0.000000000000000000e+00 1.687384644121120208e-05 0.000000000000000000e+00 0.000000000000000000e+00 9.612509361225464455e-02
3.177971999999999742e-02 0.000000000000000000e+00 1.741969498764822159e-05 0.000000000000000000e+00 0.000000000000000000e+00 9.554914740110050098e-02
3.251996000000000053e-02 0.000000000000000000e+00 1.802152615413998062e-05 0.000000000000000000e+00 0.000000000000000000e+00 9.471484806106322818e-02
3.327745000000000009e-02 0.000000000000000000e+00 1.854458183230797401e-05 0.000000000000000000e+00 0.000000000000000000e+00 9.388273432781410466e-02
3.405257999999999896e-02 0.000000000000000000e+00 1.900881943419270253e-05 0.000000000000000000e+00 0.000000000000000000e+00 9.306918490095456020e-02
3.484576999999999813e-02 0.000000000000000000e+00 1.953283869538593602e-05 0.000000000000000000e+00 0.000000000000000000e+00 9.227419493675483031e-02
3.565742999999999691e-02 0.000000000000000000e+00 2.041527018018311057e-05 0.000000000000000000e+00 0.000000000000000000e+00 9.141114441717028416e-02
3.648799999999999960e-02 0.000000000000000000e+00 2.161067624459003409e-05 0.000000000000000000e+00 0.000000000000000000e+00 9.033546644205989185e-02
3.733791000000000193e-02 0.000000000000000000e+00 2.218098328672162171e-05 0.000000000000000000e+00 0.000000000000000000e+00 8.927003631976515585e-02
3.820761999999999770e-02 0.000000000000000000e+00 2.220157575512649039e-05 0.000000000000000000e+00 0.000000000000000000e+00 8.822824378708508941e-02
3.909759000000000151e-02 0.000000000000000000e+00 2.302531440033548873e-05 0.000000000000000000e+00 0.000000000000000000e+00 8.720921735956961574e-02
4.000829000000000191e-02 0.000000000000000000e+00 2.421779832561963953e-05 0.000000000000000000e+00 0.000000000000000000e+00 8.614042961421848610e-02
4.094020999999999771e-02 0.000000000000000000e+00 2.491408661391131393e-05 0.000000000000000000e+00 0.000000000000000000e+00 8.490208546007174673e-02
4.189382999999999996e-02 0.000000000000000000e+00 2.493184902563328858e-05 0.000000000000000000e+00 0.000000000000000000e+00 8.367874842056048645e-02
4.286965999999999694e-02 0.000000000000000000e+00 2.494229784046934163e-05 0.000000000000000000e+00 0.000000000000000000e+00 8.248093013441605559e-02
4.386821999999999944e-02 0.000000000000000000e+00 2.557434284940593883e-05 0.000000000000000000e+00 0.000000000000000000e+00 8.130779392699270802e-02
4.489003999999999911e-02 0.000000000000000000e+00 2.590186446556107662e-05 0.000000000000000000e+00 0.000000000000000000e+00 8.010110768330123976e-02
4.593566999999999789e-02 0.000000000000000000e+00 2.561593683305460814e-05 0.000000000000000000e+00 0.000000000000000000e+00 7.876525186875933671e-02
4.700564000000000131e-02 0.000000000000000000e+00 2.572421855664083643e-05 0.000000000000000000e+00 0.000000000000000000e+00 7.744856477832647024e-02
4.810054999999999886e-02 0.000000000000000000e+00 2.603470139141322970e-05 0.000000000000000000e+00 0.000000000000000000e+00 7.616033577995955095e-02
4.922094999999999942e-02 0.000000000000000000e+00 2.588973657344514299e-05 0.000000000000000000e+00 0.000000000000000000e+00 7.489833526861212898e-02
5.036746000000000278e-02 0.000000000000000000e+00 2.623945284659975135e-05 0.000000000000000000e+00 0.000000000000000000e+00 7.361443903261306876e-02
5.154066000000000203e-02 1.451223988337910796e-300 2.746882074539596470e-05 0.000000000000000000e+00 0.000000000000000000e+00 7.222752787366908123e-02
5.274120000000000197e-02 3.806506107797265297e-280 2.691603177552863077e-05 0.000000000000000000e+00 0.000000000000000000e+00 7.084420931998100524e-02
5.396970000000000239e-02 3.495299056016613325e-261 2.570707108995694940e-05 0.000000000000000000e+00 0.000000000000000000e+00 6.946368109501642463e-02
5.522682000000000285e-02 1.423615693228043729e-243 2.555471635496778948e-05 0.000000000000000000e+00 0.000000000000000000e+00 6.807535196817356138e-02
5.651322000000000290e-02 3.203865543038638546e-227 2.664778168377987319e-05 0.000000000000000000e+00 0.000000000000000000e+00 6.663804118966644430e-02
5.782957999999999849e-02 4.885807117807195656e-212 2.671852952024899593e-05 0.000000000000000000e+00 0.000000000000000000e+00 6.509188074392804890e-02
5.917660000000000281e-02 6.116902555284634669e-198 2.618070484678112014e-05 0.000000000000000000e+00 0.000000000000000000e+00 6.352261019519470087e-02
6.055499999999999772e-02 7.507671635893467491e-185 2.495922492083398823e-05 0.000000000000000000e+00 0.000000000000000000e+00 6.193332009606249827e-02
6.196551000000000142e-02 1.065350304523448144e-172 2.544566057898174432e-05 0.000000000000000000e+00 0.000000000000000000e+00 6.032324936817493738e-02
6.340887000000000606e-02 2.036837567699626631e-161 2.527589286870431687e-05 0.000000000000000000e+00 0.000000000000000000e+00 5.867043829903059726e-02
6.488584999999999492e-02 6.046975268212093444e-151 2.498439946956641062e-05 0.000000000000000000e+00 0.000000000000000000e+00 5.693535402341099588e-02
6.639723999999999626e-02 3.186502451804906923e-141 2.459956900395626655e-05 0.000000000000000000e+00 0.000000000000000000e+00 5.518313781798603324e-02
6.794382999999999673e-02 3.372129055581636635e-132 2.419248417495639211e-05 0.000000000000000000e+00 0.000000000000000000e+00 5.342119347065091978e-02
6.952643999999999491e-02 8.037751946744693850e-124 2.364876698024875296e-05 0.000000000000000000e+00 0.000000000000000000e+00 5.165314204801713105e-02
7.114592000000000138e-02 4.798993538925576044e-116 2.313676676010459739e-05 0.000000000000000000e+00 0.000000000000000000e+00 4.986222709261631247e-02
7.280311999999999895e-02 7.920076639796590425e-109 2.331448703392425525e-05 0.000000000000000000e+00 0.000000000000000000e+00 4.802308681566650611e-02
7.449893000000000487e-02 3.965184621729179220e-102 2.258401753763116372e-05 0.000000000000000000e+00 0.000000000000000000e+00 4.618409405937046186e-02
7.623423000000000005e-02 6.561013200828771332e-96 2.151127704403036056e-05 0.000000000000000000e+00 0.000000000000000000e+00 4.435191524104439148e-02
7.800994999999999457e-02 3.885085018353368835e-90 2.100220090073177351e-05 0.000000000000000000e+00 0.000000000000000000e+00 4.252880109087980864e-02
7.982704000000000188e-02 8.862381806145255100e-85 2.068803108641561987e-05 0.000000000000000000e+00 0.000000000000000000e+00 4.070750307042966115e-02
8.168644999999999379e-02 8.338232317738568759e-80 2.032666179072741434e-05 0.000000000000000000e+00 0.000000000000000000e+00 3.887658441607333426e-02
8.358917000000000430e-02 3.451492669740584751e-75 1.910612068002294058e-05 0.000000000000000000e+00 0.000000000000000000e+00 3.707036293864255511e-02
8.553621000000000141e-02 6.670309078350921131e-71 1.903246029157119195e-05 0.000000000000000000e+00 0.000000000000000000e+00 3.529597901013742378e-02
8.752861000000000669e-02 6.359920658759467436e-67 1.857683294340007772e-05 0.000000000000000000e+00 0.000000000000000000e+00 3.355950606562754096e-02
8.956741000000000008e-02 3.148408523520095402e-63 1.792252990099005994e-05 0.000000000000000000e+00 0.000000000000000000e+00 3.185972490734280405e-02
9.165370000000000461e-02 2.137730651840021231e-58 4.971075921115449036e-04 0.000000000000000000e+00 0.000000000000000000e+00 7.607770890742938663e-01
9.378859000000000501e-02 3.277979335862758936e-55 7.884782706302686378e-04 0.000000000000000000e+00 0.000000000000000000e+00 7.198968306065829381e-01
9.597321000000000324e-02 2.992089899208287710e-52 9.475349063155896192e-04 0.000000000000000000e+00 0.000000000000000000e+00 6.829936384603163546e-01
9.820871000000000461e-02 1.687805390997344613e-49 7.405710331685611946e-04 0.000000000000000000e+00 0.000000000000000000e+00 6.493060845129994263e-01
1.004962999999999967e-01 6.090431309576294454e-47 8.965959904526186065e-04 0.000000000000000000e+00 0.000000000000000000e+00 6.180778774494475325e-01
1.028371000000000007e-01 1.576822004052143304e-44 9.054801253083062228e-04 0.000000000000000000e+00 0.000000000000000000e+00 6.394529657788475818e-01
1.052325000000000066e-01 2.580900070417181408e-42 1.080166847046015602e-03 0.000000000000000000e+00 0.000000000000000000e+00 6.146062189748697779e-01
1.076836999999999933e-01 2.958748396949026914e-40 9.760563110864807880e-04 0.000000000000000000e+00 0.000000000000000000e+00 5.911034970823019208e-01
1.101919999999999983e-01 2.437118564173292791e-38 9.963227080520221848e-04 0.000000000000000000e+00 0.000000000000000000e+00 5.685128496742658522e-01
1.127587000000000034e-01 1.461427323151631851e-36 9.312515169957627341e-04 0.000000000000000000e+00 0.000000000000000000e+00 5.407559585353675091e-01
1.153851999999999933e-01 6.847981123975527276e-35 9.334844289205337974e-04 0.000000000000000000e+00 0.000000000000000000e+00 5.338767489336028182e-01
1.180728000000000055e-01 2.587787667018967225e-33 7.966992884620733434e-04 0.000000000000000000e+00 0.000000000000000000e+00 5.529818883011631270e-01
1.208231000000000027e-01 7.259170881755433827e-32 6.758568356235919840e-04 0.000000000000000000e+00 0.000000000000000000e+00 5.425531916943042710e-01
1.236373999999999945e-01 1.793027680531885486e-30 1.014305478139232485e-03 0.000000000000000000e+00 0.000000000000000000e+00 5.875196382142989782e-01
1.265172999999999992e-01 3.035284563801665107e-29 1.048249830902685861e-03 0.000000000000000000e+00 0.000000000000000000e+00 5.375701717493396314e-01
1.294643000000000044e-01 4.442487675547665043e-28 1.017139349773123680e-03 0.000000000000000000e+00 0.000000000000000000e+00 5.163351912257477805e-01
1.324799000000000115e-01 5.489358330655151743e-27 1.033461441918685948e-03 0.000000000000000000e+00 0.000000000000000000e+00 5.012043921715019223e-01
1.355657999999999863e-01 5.744926977599434137e-26 1.018206386028786860e-03 0.000000000000000000e+00 0.000000000000000000e+00 4.868536141082189794e-01
1.387234999999999996e-01 5.153101939655103132e-25 8.885167524955284559e-04 0.000000000000000000e+00 0.000000000000000000e+00 4.731362816010712402e-01
1.419547999999999921e-01 4.009634475778986258e-24 8.857541374423955624e-04 0.000000000000000000e+00 0.000000000000000000e+00 4.604333259152099123e-01
1.452613000000000099e-01 2.770535547516035697e-23 9.178595750102046345e-04 0.000000000000000000e+00 0.000000000000000000e+00 4.546225505770105646e-01
1.486448999999999965e-01 1.790876771166699065e-22 8.905275722515047614e-04 0.000000000000000000e+00 0.000000000000000000e+00 4.752898060979446893e-01
1.521073000000000008e-01 1.046837982963942541e-21 9.019890442547689709e-04 0.000000000000000000e+00 0.000000000000000000e+00 5.041925873681227799e-01
1.556502999999999914e-01 4.913313104262329771e-21 9.209094281731174331e-04 0.000000000000000000e+00 0.000000000000000000e+00 4.780718280203218873e-01
1.592758999999999980e-01 1.946739443327797584e-20 9.405978455828336183e-04 0.000000000000000000e+00 0.000000000000000000e+00 4.229299302363981328e-01
1.629858999999999891e-01 7.427267856497966376e-20 9.612615738609680063e-04 0.000000000000000000e+00 0.000000000000000000e+00 3.955687049900810659e-01
1.667822999999999944e-01 2.693495417922456300e-19 9.830106786696162554e-04 0.000000000000000000e+00 0.000000000000000000e+00 3.838419464229690936e-01
1.706671999999999911e-01 9.044986459560371566e-19 1.009018679888396648e-03 0.000000000000000000e+00 0.000000000000000000e+00 3.736986331695752450e-01
1.746425000000000061e-01 2.900378838397277412e-18 1.046176152429760227e-03 0.000000000000000000e+00 0.000000000000000000e+00 3.637434804999837845e-01
1.787104999999999944e-01 8.971994031131989971e-18 1.086297922347757156e-03 0.000000000000000000e+00 0.000000000000000000e+00 3.537318721882449224e-01
1.828732000000000135e-01 2.677121135148100127e-17 1.150714152215223012e-03 0.000000000000000000e+00 0.000000000000000000e+00 3.436332721602046725e-01
1.871327999999999880e-01 7.711614201872297584e-17 1.228898587422769251e-03 0.000000000000000000e+00 0.000000000000000000e+00 3.335907323655860623e-01
1.914916999999999869e-01 2.148268507863723274e-16 1.332843023012523533e-03 0.000000000000000000e+00 0.000000000000000000e+00 3.237826077037911920e-01
1.959520999999999902e-01 5.800482917008445983e-16 1.481649724732109208e-03 0.000000000000000000e+00 0.000000000000000000e+00 3.140918700900842131e-01
2.005164999999999864e-01 1.524895570534691891e-15 1.636553253101084154e-03 0.000000000000000000e+00 0.000000000000000000e+00 3.045353804394332342e-01
2.051871000000000111e-01 3.933434053014294870e-15 1.798247924451097700e-03 0.000000000000000000e+00 0.000000000000000000e+00 2.954040864012694723e-01
2.099665000000000004e-01 1.004713925798149697e-14 1.962848592109777551e-03 0.000000000000000000e+00 0.000000000000000000e+00 2.868207716845940780e-01
2.148573000000000011e-01 2.565684101227231110e-14 2.113381175508294643e-03 0.000000000000000000e+00 0.000000000000000000e+00 2.788815064597348070e-01
2.198618999999999990e-01 6.605715305224161255e-14 2.246473111515771576e-03 0.000000000000000000e+00 0.000000000000000000e+00 2.719241026234275327e-01
2.249831999999999943e-01 1.720521443716819777e-13 2.248248027472797041e-03 0.000000000000000000e+00 0.000000000000000000e+00 2.660935450656191636e-01
2.302237000000000033e-01 4.520134544153761926e-13 2.217689594041324930e-03 0.000000000000000000e+00 0.000000000000000000e+00 2.612654003566436400e-01
2.355862999999999985e-01 1.189088512615419650e-12 2.146669583788396018e-03 0.000000000000000000e+00 0.000000000000000000e+00 2.572316206003960048e-01
2.410738000000000048e-01 3.104350658809745110e-12 2.131909932231197159e-03 0.000000000000000000e+00 0.000000000000000000e+00 2.537622920313569730e-01
2.466890999999999945e-01 7.978919732649558234e-12 2.308023617622971622e-03 0.000000000000000000e+00 0.000000000000000000e+00 2.506570553081873265e-01
2.524352999999999736e-01 2.008539852209842245e-11 2.654203542478683446e-03 0.000000000000000000e+00 0.000000000000000000e+00 2.479097532519260183e-01
2.583152000000000226e-01 4.951948524920841314e-11 3.242023876808284959e-03 0.000000000000000000e+00 0.000000000000000000e+00 2.462415488163482435e-01
2.643322000000000171e-01 1.238659279186689231e-10 4.546092900120909074e-03 0.000000000000000000e+00 0.000000000000000000e+00 2.547546695557317831e-01
2.704892999999999881e-01 3.328742656577122267e-10 6.257428693408392112e-03 0.000000000000000000e+00 0.000000000000000000e+00 2.906982149352259626e-01
2.767897999999999747e-01 8.284099846890630887e-10 8.203116148898173185e-03 0.000000000000000000e+00 0.000000000000000000e+00 3.151334361439385168e-01
2.832370000000000165e-01 1.653713000320835851e-09 1.075943106926034731e-02 0.000000000000000000e+00 0.000000000000000000e+00 2.808210584654031727e-01
2.898344999999999949e-01 3.058314985940084703e-09 1.394234367576347410e-02 0.000000000000000000e+00 0.000000000000000000e+00 2.372958936464847346e-01
2.965856000000000048e-01 6.118849662237966052e-09 1.747042740370563507e-02 0.000000000000000000e+00 0.000000000000000000e+00 2.217788338352514876e-01
3.034938999999999831e-01 1.242588558397653198e-08 1.987792064457984814e-02 0.000000000000000000e+00 0.000000000000000000e+00 2.148511488031585037e-01
3.105631999999999837e-01 2.472812354546355986e-08 2.333548184396083691e-02 0.000000000000000000e+00 0.000000000000000000e+00 2.080810255576649170e-01
3.177972000000000019e-01 4.815219947249309048e-08 3.251812870177780285e-02 0.000000000000000000e+00 0.000000000000000000e+00 2.009807488671586928e-01
3.251995999999999776e-01 9.189906790002580277e-08 3.655919819610211480e-02 0.000000000000000000e+00 0.000000000000000000e+00 1.937525264423767268e-01
3.327744999999999731e-01 1.519525882879329671e-07 3.882054254137954491e-02 0.000000000000000000e+00 0.000000000000000000e+00 1.864985051648115899e-01
3.405257999999999896e-01 1.982602448701245095e-07 4.133378805820547841e-02 0.000000000000000000e+00 0.000000000000000000e+00 1.792322457917840950e-01
3.484576999999999813e-01 2.451721455518155118e-07 4.559092018117650441e-02 0.000000000000000000e+00 0.000000000000000000e+00 1.720708991160670442e-01
3.565743000000000107e-01 2.936256692555227636e-07 4.682189491148619487e-02 0.000000000000000000e+00 0.000000000000000000e+00 1.649648839839892300e-01
3.648799999999999821e-01 3.481111631354152054e-07 5.791181238108111112e-02 0.000000000000000000e+00 0.000000000000000000e+00 1.579658087078128770e-01
3.733791000000000193e-01 4.161185189588815508e-07 6.122432370575377203e-02 0.000000000000000000e+00 0.000000000000000000e+00 1.511018833912011472e-01
3.820761999999999770e-01 5.081843743846467931e-07 5.265980370439598407e-02 0.000000000000000000e+00 0.000000000000000000e+00 1.443544452071271189e-01
3.909758999999999873e-01 6.395283780152449013e-07 6.219256486479260437e-02 0.000000000000000000e+00 0.000000000000000000e+00 1.377870062180570343e-01
4.000829000000000191e-01 8.324272494186850208e-07 1.044183470239864880e-01 0.000000000000000000e+00 0.000000000000000000e+00 1.314413166310473002e-01
4.094020999999999910e-01 1.120562973635715546e-06 1.257981624379633234e-01 0.000000000000000000e+00 0.000000000000000000e+00 1.253763453244931825e-01
4.189382999999999857e-01 1.555122865134479168e-06 1.274675536399172693e-01 0.000000000000000000e+00 0.000000000000000000e+00 1.196442727078210200e-01
4.286965999999999832e-01 2.212902922707254546e-06 1.401184855600504375e-01 0.000000000000000000e+00 0.000000000000000000e+00 1.142643964962420100e-01
4.386822000000000221e-01 3.207756180551692343e-06 1.657731121096110705e-01 0.000000000000000000e+00 0.000000000000000000e+00 1.092691893128745900e-01
4.489003999999999772e-01 4.737988256010232115e-06 1.922062588913142078e-01 0.000000000000000000e+00 0.000000000000000000e+00 1.054421597830750013e-01
4.593567000000000067e-01 7.577196107339004206e-06 2.103255520243701160e-01 0.000000000000000000e+00 0.000000000000000000e+00 1.099007602507607873e-01
4.700563999999999854e-01 1.408948902405472886e-05 2.186847942562475944e-01 0.000000000000000000e+00 0.000000000000000000e+00 1.337492496558810584e-01
4.810054999999999747e-01 2.346772591276848142e-05 2.320724701169352699e-01 0.000000000000000000e+00 0.000000000000000000e+00 1.472490552495419325e-01
4.922095000000000220e-01 2.891751712944691776e-05 2.309351258738101265e-01 0.000000000000000000e+00 0.000000000000000000e+00 1.216559626653016257e-01
5.036745999999999723e-01 3.259627025424146859e-05 2.249577951196846393e-01 0.000000000000000000e+00 0.000000000000000000e+00 9.356078971728752636e-02
5.154066000000000480e-01 4.264344521171268215e-05 2.186227195848527705e-01 0.000000000000000000e+00 0.000000000000000000e+00 8.513026483145405554e-02
5.274119999999999919e-01 5.825571328862525112e-05 2.468084323606967723e-01 0.000000000000000000e+00 0.000000000000000000e+00 8.250517352204612964e-02
5.396969999999999823e-01 7.849338090719506318e-05 2.605257247110236429e-01 0.000000000000000000e+00 0.000000000000000000e+00 8.040147231817519613e-02
5.522681999999999869e-01 1.040955101308811530e-04 2.689095128216948960e-01 0.000000000000000000e+00 0.000000000000000000e+00 7.850406377896644583e-02
5.651321999999999734e-01 1.361741305569487707e-04 2.789635577845649972e-01 0.000000000000000000e+00 0.000000000000000000e+00 7.680022876224407158e-02
5.782958000000000265e-01 1.761902737448604980e-04 2.811399040243432457e-01 0.000000000000000000e+00 0.000000000000000000e+00 7.527243184296283918e-02
5.917660000000000142e-01 2.261428979980099137e-04 2.866656506127250315e-01 0.000000000000000000e+00 0.000000000000000000e+00 7.390122475872595853e-02
6.055500000000000327e-01 2.913613190385133450e-04 3.120947756559492303e-01 0.000000000000000000e+00 0.000000000000000000e+00 7.330435734972447215e-02
6.196551000000000142e-01 4.116042498939105621e-04 3.102332978566839095e-01 0.000000000000000000e+00 0.000000000000000000e+00 7.998764383820797241e-02
6.340886999999999496e-01 7.032064451004587172e-04 3.032794304005457797e-01 0.000000000000000000e+00 0.000000000000000000e+00 1.055785412341584822e-01
6.488585000000000047e-01 1.058440417557525784e-03 3.202798382600927640e-01 0.000000000000000000e+00 0.000000000000000000e+00 1.224763685583124262e-01
6.639724000000000181e-01 1.121497398650738234e-03 3.322189409088451839e-01 0.000000000000000000e+00 0.000000000000000000e+00 9.955480568960241305e-02
6.794383000000000505e-01 1.062664784881671215e-03 3.355545484451160076e-01 0.000000000000000000e+00 0.000000000000000000e+00 7.191355679771170573e-02
6.952644000000000046e-01 1.244452872223638209e-03 3.451320564220582421e-01 0.000000000000000000e+00 0.000000000000000000e+00 6.373555491177353149e-02
7.114591999999999583e-01 1.598649109501851977e-03 3.383603029638200810e-01 0.000000000000000000e+00 0.000000000000000000e+00 6.149655882722117328e-02
7.280311999999999895e-01 2.079173500862238969e-03 3.484626846206088091e-01 0.000000000000000000e+00 0.000000000000000000e+00 5.964451527113731610e-02
7.449892999999999654e-01 2.722306285288534407e-03 3.801724343661792016e-01 0.000000000000000000e+00 0.000000000000000000e+00 5.788809671251623351e-02
7.623423000000000282e-01 3.585239974301913934e-03 3.767472627854760447e-01 0.000000000000000000e+00 0.000000000000000000e+00 5.627999798631248135e-02
7.800994999999999457e-01 4.741066708850163840e-03 3.623471710948355518e-01 0.000000000000000000e+00 0.000000000000000000e+00 5.485753150050760168e-02
7.982704000000000466e-01 6.276726203020434498e-03 3.596323899225150056e-01 0.000000000000000000e+00 0.000000000000000000e+00 5.362688807301950467e-02
8.168644999999999934e-01 8.288089220819158318e-03 3.854907180347463269e-01 0.000000000000000000e+00 0.000000000000000000e+00 5.258438050747658160e-02
8.358917000000000153e-01 1.086639890940762666e-02 3.918725633963560107e-01 0.000000000000000000e+00 0.000000000000000000e+00 5.171955936700694395e-02
8.553621000000000141e-01 1.407334329192857884e-02 3.837213914276599303e-01 0.000000000000000000e+00 0.000000000000000000e+00 5.101785312565648017e-02
8.752860999999999558e-01 1.790764221670818751e-02 4.159420699845848279e-01 0.000000000000000000e+00 0.000000000000000000e+00 5.047531341163537938e-02
8.956741000000000286e-01 2.225700430906036101e-02 4.211655776177061772e-01 0.000000000000000000e+00 0.000000000000000000e+00 5.008642046049466973e-02
9.165370000000000461e-01 2.709475746122357032e-02 4.340610798839263373e-01 0.000000000000000000e+00 0.000000000000000000e+00 4.983257775691045388e-02
9.378859000000000501e-01 3.275674168096456840e-02 4.161681500674958567e-01 0.000000000000000000e+00 0.000000000000000000e+00 4.970671198293601101e-02
9.597320999999999769e-01 3.942072976810212515e-02 4.234346900052049500e-01 0.000000000000000000e+00 0.000000000000000000e+00 4.970093522523416629e-02
9.820870999999999906e-01 4.721915230014042675e-02 4.344234037875708276e-01 0.000000000000000000e+00 0.000000000000000000e+00 4.979805090413297330e-02
1.004963000000000051e+00 5.628675605980084512e-02 4.547610442163131372e-01 0.000000000000000000e+00 0.000000000000000000e+00 4.997775561523867122e-02
1.028370999999999924e+00 6.676643225218197031e-02 4.559003209496141906e-01 0.000000000000000000e+00 0.000000000000000000e+00 5.022552412971439950e-02
1.052324999999999955e+00 7.883244419338206188e-02 4.490723312686165647e-01 0.000000000000000000e+00 0.000000000000000000e+00 5.054608454841762882e-02
1.076837000000000044e+00 9.265726133948790078e-02 4.400941132799749966e-01 0.000000000000000000e+00 0.000000000000000000e+00 5.093347206535084326e-02
1.101920000000000011e+00 1.084125045479762683e-01 4.307796612366794897e-01 0.000000000000000000e+00 0.000000000000000000e+00 5.137805704836230503e-02
1.127586999999999895e+00 1.263112885430965893e-01 4.251086396825836666e-01 0.000000000000000000e+00 0.000000000000000000e+00 5.188712064506952049e-02
1.153852000000000100e+00 1.466321612798116292e-01 4.252157880472303697e-01 0.000000000000000000e+00 0.000000000000000000e+00 5.248377328049404905e-02
1.180728000000000000e+00 1.697065395702052337e-01 4.175773207237478135e-01 0.000000000000000000e+00 0.000000000000000000e+00 5.319243629253801731e-02
1.208231000000000055e+00 1.958523758375789459e-01 4.142533215787649881e-01 0.000000000000000000e+00 0.000000000000000000e+00 5.401737646689969141e-02
1.236374000000000084e+00 2.254190965203192454e-01 4.137158336390905355e-01 0.000000000000000000e+00 0.000000000000000000e+00 5.496296970481916178e-02
1.265173000000000103e+00 2.587739805285536598e-01 4.081243946194749173e-01 0.000000000000000000e+00 0.000000000000000000e+00 5.603028975016394186e-02
1.294642999999999988e+00 2.963080961460792251e-01 4.044249442549234241e-01 0.000000000000000000e+00 0.000000000000000000e+00 5.721970317861048427e-02
1.324799000000000060e+00 3.384860281515582603e-01 3.980528777870490642e-01 0.000000000000000000e+00 0.000000000000000000e+00 5.853981998784225926e-02
1.355658000000000030e+00 3.858926723364843880e-01 3.911261160074753218e-01 0.000000000000000000e+00 0.000000000000000000e+00 6.001069115831753759e-02
1.387234999999999996e+00 4.391310740996371975e-01 3.837183826756460081e-01 0.000000000000000000e+00 0.000000000000000000e+00 6.164348820825864966e-02
1.419548000000000032e+00 4.988027143006746877e-01 3.716853102266797215e-01 0.000000000000000000e+00 0.000000000000000000e+00 6.344116369647267994e-02
1.452612999999999932e+00 5.655772695109593240e-01 3.768780597619986183e-01 0.000000000000000000e+00 0.000000000000000000e+00 6.540983241907732948e-02
1.486448999999999909e+00 6.401512273003706621e-01 3.790997930408271377e-01 0.000000000000000000e+00 0.000000000000000000e+00 6.755307711159938555e-02
1.521072999999999897e+00 7.231627453043460996e-01 3.959948847998264188e-01 0.000000000000000000e+00 0.000000000000000000e+00 6.986474567705400207e-02
1.556502999999999970e+00 8.153896303152775582e-01 3.975582931479144100e-01 0.000000000000000000e+00 0.000000000000000000e+00 7.235058172126565545e-02
1.592759000000000036e+00 9.175646106497273857e-01 3.875412766825393485e-01 0.000000000000000000e+00 0.000000000000000000e+00 7.500890852855769675e-02
1.629858999999999947e+00 1.030239251728160221e+00 3.942761026542942471e-01 0.000000000000000000e+00 0.000000000000000000e+00 7.782322809135272523e-02
1.667823000000000055e+00 1.153656372510298622e+00 3.954746165463703389e-01 0.000000000000000000e+00 0.000000000000000000e+00 8.075901914829292094e-02
1.706671999999999967e+00 1.288132629676913776e+00 3.890083486353949072e-01 0.000000000000000000e+00 0.000000000000000000e+00 8.379567222780752445e-02
1.746424999999999894e+00 1.433993015497363244e+00 3.674494007935913964e-01 0.000000000000000000e+00 0.000000000000000000e+00 8.691880127792940558e-02
1.787104999999999944e+00 1.591202679657796271e+00 3.414717503665731790e-01 0.000000000000000000e+00 0.000000000000000000e+00 9.009795477069164338e-02
1.828732000000000024e+00 1.759162030331400173e+00 3.187390465482735080e-01 0.000000000000000000e+00 0.000000000000000000e+00 9.328126229924316171e-02
1.871328000000000102e+00 1.937284041429329973e+00 2.997984415622469423e-01 0.000000000000000000e+00 0.000000000000000000e+00 9.643134888254664694e-02
1.914916999999999980e+00 2.125053078161719622e+00 2.863797100922648164e-01 0.000000000000000000e+00 0.000000000000000000e+00 9.952463018746346424e-02
1.959521000000000068e+00 2.321452993717053381e+00 2.698194469170846488e-01 0.000000000000000000e+00 0.000000000000000000e+00 1.025226069819527713e-01
2.005164999999999864e+00 2.526390597329869259e+00 2.571063961779494478e-01 0.000000000000000000e+00 0.000000000000000000e+00 1.054355956670312011e-01
2.051870999999999778e+00 2.740212456152200993e+00 2.489211076405505318e-01 0.000000000000000000e+00 0.000000000000000000e+00 1.082909816081036730e-01
2.099664999999999893e+00 2.963611349840966191e+00 2.418859997227527925e-01 0.000000000000000000e+00 0.000000000000000000e+00 1.111251434256355225e-01
2.148572999999999844e+00 3.196502278569258948e+00 2.346395567281722438e-01 0.000000000000000000e+00 0.000000000000000000e+00 1.139408643487666989e-01
2.198618999999999879e+00 3.438289822512344607e+00 2.249852421318697671e-01 0.000000000000000000e+00 0.000000000000000000e+00 1.167241001859397748e-01
2.249832000000000054e+00 3.687851703064390918e+00 2.149888960747097788e-01 0.000000000000000000e+00 0.000000000000000000e+00 1.194472344156054106e-01
2.302236999999999867e+00 3.943182921458659784e+00 1.875229444827812286e-01 0.000000000000000000e+00 0.000000000000000000e+00 1.220610627169836371e-01
2.355862999999999818e+00 4.205348918901445465e+00 1.623989585970899985e-01 0.000000000000000000e+00 0.000000000000000000e+00 1.246165623201799522e-01
2.410737999999999825e+00 4.473403041778637679e+00 1.472068363000403612e-01 0.000000000000000000e+00 0.000000000000000000e+00 1.270998828668774838e-01
2.466890999999999945e+00 4.744479232517159417e+00 1.289988143948989086e-01 0.000000000000000000e+00 0.000000000000000000e+00 1.294475503413730910e-01
2.524353000000000069e+00 5.017047682011947174e+00 1.130233588031596542e-01 0.000000000000000000e+00 0.000000000000000000e+00 1.316413298974445367e-01
2.583152000000000115e+00 5.290083945863166548e+00 1.130717574732531261e-01 0.000000000000000000e+00 0.000000000000000000e+00 1.336788224492375388e-01
2.643321999999999949e+00 5.563140217300657220e+00 1.110273712373092136e-01 0.000000000000000000e+00 0.000000000000000000e+00 1.355722718234301793e-01
2.704893000000000214e+00 5.835759302652400393e+00 1.084563613557942563e-01 0.000000000000000000e+00 0.000000000000000000e+00 1.373321490522278754e-01
2.767898000000000192e+00 6.109327164091478579e+00 1.047649844326717788e-01 0.000000000000000000e+00 0.000000000000000000e+00 1.390095076370463922e-01
2.832370000000000054e+00 6.384678915835931612e+00 1.008599447552691736e-01 0.000000000000000000e+00 0.000000000000000000e+00 1.406366977044302691e-01
2.898344999999999949e+00 6.662978192175732062e+00 9.640160799848990214e-02 0.000000000000000000e+00 0.000000000000000000e+00 1.422490248776800137e-01
2.965856000000000048e+00 6.947666667556519293e+00 9.184390478307859207e-02 0.000000000000000000e+00 0.000000000000000000e+00 1.439247074284504269e-01
3.034939000000000053e+00 7.239777942381823372e+00 8.789541043178905610e-02 0.000000000000000000e+00 0.000000000000000000e+00 1.456844792902142194e-01
3.105631999999999948e+00 7.537169379308576111e+00 8.477576714818819970e-02 0.000000000000000000e+00 0.000000000000000000e+00 1.474846520867672262e-01
3.177972000000000019e+00 7.837811025283269117e+00 8.145315755803599067e-02 0.000000000000000000e+00 0.000000000000000000e+00 1.492883811409256578e-01
3.251996000000000109e+00 8.141410509311388211e+00 7.811128242480910866e-02 0.000000000000000000e+00 0.000000000000000000e+00 1.510948302365383022e-01
3.327745000000000175e+00 8.442685101056241592e+00 7.442056572119405689e-02 0.000000000000000000e+00 0.000000000000000000e+00 1.528128345652992326e-01
3.405257999999999896e+00 8.737021504606047984e+00 7.049572175255321149e-02 0.000000000000000000e+00 0.000000000000000000e+00 1.543716516177931763e-01
3.484576999999999813e+00 9.019302728128314683e+00 6.654101590704163127e-02 0.000000000000000000e+00 0.000000000000000000e+00 1.556980718736394320e-01
3.565742999999999885e+00 9.287487622081249228e+00 6.252342047923183099e-02 0.000000000000000000e+00 0.000000000000000000e+00 1.567768693634050137e-01
3.648800000000000043e+00 9.540981927004388297e+00 5.856725574850725480e-02 0.000000000000000000e+00 0.000000000000000000e+00 1.576174362427145148e-01
3.733791000000000082e+00 9.779428892163858578e+00 5.450728948685583386e-02 0.000000000000000000e+00 0.000000000000000000e+00 1.582315999340240253e-01
3.820762000000000214e+00 1.000456909047240650e+01 5.092428336211247270e-02 0.000000000000000000e+00 0.000000000000000000e+00 1.586628806752042320e-01
3.909759000000000206e+00 1.021997828697588773e+01 4.726153872573484599e-02 0.000000000000000000e+00 0.000000000000000000e+00 1.589794026012044392e-01
4.000829000000000413e+00 1.043014504930430775e+01 4.365832363261742260e-02 0.000000000000000000e+00 0.000000000000000000e+00 1.592576741422678799e-01
4.094020999999999688e+00 1.064270283094635872e+01 4.051609422850575848e-02 0.000000000000000000e+00 0.000000000000000000e+00 1.596155415529469379e-01
4.189383000000000301e+00 1.086540119159297646e+01 3.763228040950076375e-02 0.000000000000000000e+00 0.000000000000000000e+00 1.601642591677884253e-01
4.286965999999999610e+00 1.110351740721664093e+01 3.400946905902171163e-02 0.000000000000000000e+00 0.000000000000000000e+00 1.609719084923822985e-01
4.386822000000000443e+00 1.136053494916772877e+01 2.945585241427027892e-02 0.000000000000000000e+00 0.000000000000000000e+00 1.620768929939730429e-01
4.489004000000000438e+00 1.163825801110914426e+01 2.658988620390774493e-02 0.000000000000000000e+00 0.000000000000000000e+00 1.634920589175138661e-01
4.593567000000000178e+00 1.193815079867301066e+01 2.476641391586906216e-02 0.000000000000000000e+00 0.000000000000000000e+00 1.652252557623906659e-01
4.700563999999999965e+00 1.226035168583549861e+01 2.342787728477348924e-02 0.000000000000000000e+00 0.000000000000000000e+00 1.672662912034175720e-01
4.810055000000000192e+00 1.260187056825217233e+01 2.207227169159213520e-02 0.000000000000000000e+00 0.000000000000000000e+00 1.695639440693179623e-01
4.922094999999999665e+00 1.295531836163754669e+01 2.066359851261615269e-02 0.000000000000000000e+00 0.000000000000000000e+00 1.720117810009809678e-01
5.036745999999999945e+00 1.331421308280165938e+01 1.939871745957507179e-02 0.000000000000000000e+00 0.000000000000000000e+00 1.745210712341963566e-01
5.154066000000000258e+00 1.367414318693719899e+01 1.818301400370759408e-02 0.000000000000000000e+00 0.000000000000000000e+00 1.770344328878982465e-01
5.274119999999999919e+00 1.402687176228329946e+01 1.707512560815885663e-02 0.000000000000000000e+00 0.000000000000000000e+00 1.794482815955865396e-01
5.396969999999999601e+00 1.436788128320146640e+01 1.602535472688958532e-02 0.000000000000000000e+00 0.000000000000000000e+00 1.817107197557539244e-01
5.522681999999999647e+00 1.469466462863482903e+01 1.503007971960954557e-02 0.000000000000000000e+00 0.000000000000000000e+00 1.837970181837010331e-01
5.651322000000000401e+00 1.500417832282575326e+01 1.407079640354081881e-02 0.000000000000000000e+00 0.000000000000000000e+00 1.856765162880744946e-01
5.782957999999999821e+00 1.529392437174020181e+01 1.318010256074923954e-02 0.000000000000000000e+00 0.000000000000000000e+00 1.873261145746358824e-01
5.917659999999999698e+00 1.556420494174625091e+01 1.229468960589374417e-02 0.000000000000000000e+00 0.000000000000000000e+00 1.887571713407906748e-01
6.055500000000000327e+00 1.581623746226134841e+01 1.148241326792019505e-02 0.000000000000000000e+00 0.000000000000000000e+00 1.899911725421691289e-01
6.196551000000000364e+00 1.604993298382167310e+01 1.074395882656641737e-02 0.000000000000000000e+00 0.000000000000000000e+00 1.910328658381280353e-01
6.340887000000000384e+00 1.626493691953791298e+01 1.004585528884709145e-02 0.000000000000000000e+00 0.000000000000000000e+00 1.918833427257316260e-01
6.488584999999999603e+00 1.646129105055166875e+01 9.400630397957049356e-03 0.000000000000000000e+00 0.000000000000000000e+00 1.925479602533166357e-01
6.639724000000000181e+00 1.663710568270589008e+01 8.799059691834467886e-03 0.000000000000000000e+00 0.000000000000000000e+00 1.930091743626882461e-01
6.794382999999999839e+00 1.678894886939096054e+01 8.230099970456400404e-03 0.000000000000000000e+00 0.000000000000000000e+00 1.932319480392065691e-01
6.952644000000000268e+00 1.691471838317049858e+01 7.698893459389207286e-03 0.000000000000000000e+00 0.000000000000000000e+00 1.931971919350792821e-01
7.114592000000000027e+00 1.701764183777877193e+01 7.196769996350283090e-03 0.000000000000000000e+00 0.000000000000000000e+00 1.929464675369011728e-01
7.280312000000000339e+00 1.710300168380886632e+01 6.722504363454168477e-03 0.000000000000000000e+00 0.000000000000000000e+00 1.925429456869837130e-01
7.449893000000000320e+00 1.717516954809633845e+01 6.273654399460791738e-03 0.000000000000000000e+00 0.000000000000000000e+00 1.920376116233865893e-01
7.623422999999999838e+00 1.724360397392637267e+01 5.859950816946126254e-03 0.000000000000000000e+00 0.000000000000000000e+00 1.915364263014324719e-01
7.800995000000000346e+00 1.732267100309943686e+01 5.470910339018504077e-03 0.000000000000000000e+00 0.000000000000000000e+00 1.911967156938551848e-01
7.982704000000000022e+00 1.741965604051882011e+01 5.106645702530606540e-03 0.000000000000000000e+00 0.000000000000000000e+00 1.910943029921687020e-01
8.168644999999999712e+00 1.753745214713904232e+01 4.768913896015060383e-03 0.000000000000000000e+00 0.000000000000000000e+00 1.912555152966204652e-01
8.358916999999999931e+00 1.768010913042412113e+01 4.454133024079930635e-03 0.000000000000000000e+00 0.000000000000000000e+00 1.917188899597930540e-01
8.553620999999999697e+00 1.785297816399672399e+01 4.162991552966516760e-03 0.000000000000000000e+00 0.000000000000000000e+00 1.925364381897856358e-01
8.752860999999999336e+00 1.805554599543543048e+01 3.891606153212980642e-03 0.000000000000000000e+00 0.000000000000000000e+00 1.936964727292704025e-01
8.956740999999999175e+00 1.828185460895022629e+01 3.638101845118272160e-03 0.000000000000000000e+00 0.000000000000000000e+00 1.951297760394600789e-01
9.165369999999999351e+00 1.852160211739738216e+01 3.402126086988381017e-03 0.000000000000000000e+00 0.000000000000000000e+00 1.967226665891219084e-01
9.378859000000000279e+00 1.876127591833689934e+01 3.182002570787472156e-03 0.000000000000000000e+00 0.000000000000000000e+00 1.983299048617561677e-01
9.597321000000000879e+00 1.898512572936219200e+01 2.975240239813024129e-03 0.000000000000000000e+00 0.000000000000000000e+00 1.997854689631509972e-01
9.820871000000000350e+00 1.918300431146232654e+01 2.761516851829454947e-03 0.000000000000000000e+00 0.000000000000000000e+00 2.009849425400488387e-01
1.004963000000000051e+01 1.935173135132086131e+01 2.543128987094225336e-03 0.000000000000000000e+00 0.000000000000000000e+00 2.018982136473104760e-01
1.028370999999999924e+01 1.948505461934657745e+01 2.372831929120999481e-03 0.000000000000000000e+00 0.000000000000000000e+00 2.024635202111779719e-01
1.052325000000000088e+01 1.958085962330077479e+01 2.210619399182908555e-03 0.000000000000000000e+00 0.000000000000000000e+00 2.026626607747805953e-01
1.076837000000000089e+01 1.963751567502066919e+01 2.059490135639212294e-03 0.000000000000000000e+00 0.000000000000000000e+00 2.024824301479429267e-01
1.101919999999999966e+01 1.965538365267345355e+01 1.918690650271853964e-03 0.000000000000000000e+00 0.000000000000000000e+00 2.019300096203284489e-01
1.127586999999999939e+01 1.963109862392224514e+01 1.787516409960411600e-03 0.000000000000000000e+00 0.000000000000000000e+00 2.009740759304336766e-01
1.153852000000000011e+01 1.957175979076094308e+01 1.665309442317649104e-03 0.000000000000000000e+00 0.000000000000000000e+00 1.996902527238916814e-01
1.180728000000000044e+01 1.952365521327593001e+01 1.551446613265712897e-03 0.000000000000000000e+00 0.000000000000000000e+00 1.985514734174604334e-01
1.208230999999999966e+01 1.951371349699926228e+01 1.445365430781846931e-03 0.000000000000000000e+00 0.000000000000000000e+00 1.978282915079772053e-01
1.236373999999999995e+01 1.957273891427727008e+01 1.346534041227837259e-03 0.000000000000000000e+00 0.000000000000000000e+00 1.978272856693318316e-01
1.265173000000000059e+01 1.971441038480942964e+01 1.254442575290346537e-03 0.000000000000000000e+00 0.000000000000000000e+00 1.986791582664976241e-01
1.294642999999999944e+01 1.992517599588083499e+01 1.168641894277308883e-03 0.000000000000000000e+00 0.000000000000000000e+00 2.002399324153412985e-01
1.324798999999999971e+01 2.020818939313404883e+01 1.088695489732530988e-03 0.000000000000000000e+00 0.000000000000000000e+00 2.025351154120522412e-01
1.355658000000000030e+01 2.062319022644393129e+01 1.014205382718799371e-03 0.000000000000000000e+00 0.000000000000000000e+00 2.061559927010608584e-01
1.387235000000000085e+01 2.123945010193813943e+01 9.447965550313702819e-04 0.000000000000000000e+00 0.000000000000000000e+00 2.117833426141086106e-01
1.419547999999999988e+01 2.215185449522350680e+01 8.801251599506779676e-04 0.000000000000000000e+00 0.000000000000000000e+00 2.203468062539100103e-01
1.452613000000000021e+01 2.333528813464678819e+01 8.198684383552635102e-04 0.000000000000000000e+00 0.000000000000000000e+00 2.315774449949266622e-01
1.486448999999999998e+01 2.462714430757765527e+01 7.637274259979942191e-04 0.000000000000000000e+00 0.000000000000000000e+00 2.438487045905355088e-01
1.521072999999999986e+01 2.582307392293553860e+01 7.114245281890527140e-04 0.000000000000000000e+00 0.000000000000000000e+00 2.551368492604573213e-01
1.556503000000000014e+01 2.677046867338712488e+01 6.626963119931956548e-04 0.000000000000000000e+00 0.000000000000000000e+00 2.639455394805787503e-01
1.592759000000000036e+01 2.744401328005002938e+01 6.173049561551747274e-04 0.000000000000000000e+00 0.000000000000000000e+00 2.700424758096175437e-01
1.629859000000000080e+01 2.786080882345020981e+01 5.750239928603153661e-04 0.000000000000000000e+00 0.000000000000000000e+00 2.736125990952347209e-01
1.667822999999999922e+01 2.800210944561111859e+01 5.356461852388425763e-04 0.000000000000000000e+00 0.000000000000000000e+00 2.744869346267453381e-01
1.706672000000000011e+01 2.781032757404845412e+01 4.989769995590551425e-04 0.000000000000000000e+00 0.000000000000000000e+00 2.721166531281400403e-01
1.746424999999999983e+01 2.723660515064504395e+01 4.648380272554160472e-04 0.000000000000000000e+00 0.000000000000000000e+00 2.660409776919876457e-01
1.787105000000000032e+01 2.628834191485102423e+01 4.330635495434501038e-04 0.000000000000000000e+00 0.000000000000000000e+00 2.563496444105771155e-01
1.828732000000000113e+01 2.496995317134542702e+01 4.035003554712491116e-04 0.000000000000000000e+00 0.000000000000000000e+00 2.431015004767437260e-01
1.871328000000000102e+01 2.344399597278919600e+01 3.760010871598608653e-04 0.000000000000000000e+00 0.000000000000000000e+00 2.278911172017064335e-01
1.914917000000000158e+01 2.194858827812075575e+01 3.504270702386074626e-04 0.000000000000000000e+00 0.000000000000000000e+00 2.130358696580377520e-01
1.959521000000000157e+01 2.075932757132296658e+01 3.266441306957031869e-04 0.000000000000000000e+00 0.000000000000000000e+00 2.012025344663433690e-01
2.005164999999999864e+01 2.008908191335381943e+01 3.045252296145254073e-04 0.000000000000000000e+00 0.000000000000000000e+00 1.944361707665928640e-01
2.051870999999999867e+01 2.014013866862847024e+01 2.839500098186112462e-04 0.000000000000000000e+00 0.000000000000000000e+00 1.946696208498400471e-01
2.099664999999999893e+01 2.091008178455533439e+01 2.648077938035432841e-04 0.000000000000000000e+00 0.000000000000000000e+00 2.018512149987896909e-01
2.148573000000000022e+01 2.234939574996284506e+01 2.469912072499094073e-04 0.000000000000000000e+00 0.000000000000000000e+00 2.154773944337045888e-01
2.198619000000000057e+01 2.443291984886091228e+01 2.304036435002729071e-04 0.000000000000000000e+00 0.000000000000000000e+00 2.352833713549580263e-01
2.249831999999999965e+01 2.706544038679549402e+01 2.149536487211127576e-04 0.000000000000000000e+00 0.000000000000000000e+00 2.603333598999675313e-01
2.302236999999999867e+01 3.004945581897852946e+01 2.005585984314045144e-04 0.000000000000000000e+00 0.000000000000000000e+00 2.887143939004815363e-01
2.355863000000000085e+01 3.315842930364166818e+01 1.871410956465263599e-04 0.000000000000000000e+00 0.000000000000000000e+00 3.182441638899722869e-01
2.410737999999999914e+01 3.622414974313119984e+01 1.746310361754362247e-04 0.000000000000000000e+00 0.000000000000000000e+00 3.473092149959290942e-01
2.466891000000000034e+01 3.913869554970671061e+01 1.629639783208491552e-04 0.000000000000000000e+00 0.000000000000000000e+00 3.748800931214864018e-01
2.524352999999999980e+01 4.181104762927440532e+01 1.520804885597551188e-04 0.000000000000000000e+00 0.000000000000000000e+00 4.000927965611828507e-01
2.583152000000000115e+01 4.420472694347705556e+01 1.419263370862571645e-04 0.000000000000000000e+00 0.000000000000000000e+00 4.226074976083323276e-01
2.643321999999999861e+01 4.630261253353233997e+01 1.324516101810375968e-04 0.000000000000000000e+00 0.000000000000000000e+00 4.422699017626994800e-01
2.704892999999999859e+01 4.809697373080265237e+01 1.236102367390728345e-04 0.000000000000000000e+00 0.000000000000000000e+00 4.590152486325753678e-01
2.767897999999999925e+01 4.958529538079708487e+01 1.153594721009229481e-04 0.000000000000000000e+00 0.000000000000000000e+00 4.728281196837506029e-01
2.832369999999999877e+01 5.075474860261432752e+01 1.076595389494322904e-04 0.000000000000000000e+00 0.000000000000000000e+00 4.835942930980298704e-01
2.898345000000000127e+01 5.159510822973268063e+01 1.004737269739691127e-04 0.000000000000000000e+00 0.000000000000000000e+00 4.912241349920211109e-01
2.965856000000000137e+01 5.206841022551613207e+01 9.355921956198533609e-05 0.000000000000000000e+00 0.000000000000000000e+00 4.953638380824118004e-01
