         1        2.789000E+00        4.422930E+01        1.674071E-03        0.000000E+00        0.000000E+00        1.387394E-05        1.230988E-05
         2        1.641000E+00        5.098307E+00        2.492180E-03        0.000000E+00        0.000000E+00        6.709617E-06        2.433699E-05
         3        2.121000E+00        7.687442E+00        1.466359E-03        0.000000E+00        1.564687E-05        0.000000E+00        2.808460E-05
         4        1.985000E+00        1.181525E+01        3.177922E-03        0.000000E+00        3.560076E-05        0.000000E+00        4.194228E-05
         5        1.184000E+00        2.456845E+01        1.694426E-03        0.000000E+00        5.026756E-06        1.679397E-05        1.545035E-05
         6        1.840000E+00        1.275090E+02        2.373083E-03        3.648434E-06        2.319455E-05        1.464687E-05        3.914135E-05
         7        3.960000E-01        2.072990E+01        1.360473E-03        4.708062E-06        1.701217E-05        4.439521E-06        0.000000E+00
         8        6.710000E-01        1.136627E+01        7.931964E-04        2.093315E-06        1.194712E-05        7.923421E-06        2.698340E-05
         9        4.600000E-01        1.040867E+01        1.042552E-03        2.862035E-05        0.000000E+00        3.841548E-06        0.000000E+00
        10        3.173000E+00        1.243474E+01        4.162864E-03        3.956399E-05        0.000000E+00        0.000000E+00        3.883630E-05
        11        2.937000E+00        1.917863E+01        3.768334E-02        0.000000E+00        1.188072E-05        1.579895E-05        2.700245E-05
        12        2.263000E+00        9.325121E-01        2.292059E-03        3.369157E-06        6.866663E-06        1.177228E-05        2.534564E-06
        13        1.879000E+00        1.511159E+01        1.655163E-03        1.443476E-05        0.000000E+00        1.117420E-06        3.836786E-05
        14        2.100000E+00        3.868126E+00        3.599106E-03        9.126562E-06        1.314395E-05        0.000000E+00        4.804049E-05
        15        3.122000E+00        2.089607E+01        5.470568E-03        1.089498E-05        0.000000E+00        7.155750E-06        2.356609E-05
        16        1.203000E+00        8.071978E+00        1.660286E-03        3.672219E-06        0.000000E+00        3.165615E-05        0.000000E+00
        17        4.100000E-02        1.459155E+02        5.071995E-04        0.000000E+00        0.000000E+00        9.084884E-05        0.000000E+00
        18        1.861000E+00        1.205873E+01        7.083532E-03        0.000000E+00        3.215720E-05        5.973075E-06        3.767931E-05
        19        2.030000E-01        2.166162E+01        7.078251E-04        2.012142E-06        0.000000E+00        6.489514E-06        3.631477E-06
        20        1.388000E+00        2.113722E+01        1.766510E-03        0.000000E+00        1.990418E-05        2.567128E-07        3.577665E-05
        21        2.490000E-01        4.269366E+01        4.314779E-04        0.000000E+00        0.000000E+00        1.894720E-05        3.488115E-07
        22        3.750000E+00        9.461959E+00        6.463963E-03        0.000000E+00        0.000000E+00        0.000000E+00        5.302542E-05
        23        3.651000E+00        1.562598E+01        2.731061E-03        3.011599E-05        0.000000E+00        7.333749E-06        8.201697E-06
        24        3.912000E+00        2.982071E+00        5.245217E-03        3.511593E-06        0.000000E+00        2.144019E-07        4.629077E-05
        25        2.634000E+00        3.174461E+01        4.171512E-03        1.788299E-05        0.000000E+00        0.000000E+00        4.324206E-05
        26        3.245000E+00        1.810299E+01        3.487334E-03        0.000000E+00        1.157319E-05        0.000000E+00        6.522858E-05
        27        5.210000E-01        1.132280E+01        1.173675E-03        0.000000E+00        0.000000E+00        4.228412E-05        1.613152E-05
        28        2.185000E+00        2.952767E+01        3.092499E-03        0.000000E+00        0.000000E+00        1.388535E-05        2.728200E-07
        29        1.626000E+00        4.918063E+01        2.110928E-03        1.045901E-05        0.000000E+00        2.080065E-05        0.000000E+00
        30        2.498000E+00        4.548225E+00        2.240424E-03        8.944173E-06        0.000000E+00        0.000000E+00        2.529547E-05
        31        1.670000E-01        4.443833E+00        8.714450E-04        1.646213E-05        0.000000E+00        1.167827E-05        0.000000E+00
        32        1.987000E+00        2.905483E+00        2.545597E-03        0.000000E+00        1.140223E-05        5.072265E-06        1.499293E-05
        33        2.501000E+00        2.610844E+00        3.144325E-03        0.000000E+00        2.789936E-05        0.000000E+00        6.402026E-05
        34        2.915000E+00        1.651632E+01        3.223060E-03        0.000000E+00        9.012548E-06        0.000000E+00        8.518129E-06
        35        4.400000E-01        1.108900E+01        3.115375E-04        2.349280E-05        0.000000E+00        6.433479E-06        9.372746E-06
        36        2.387000E+00        9.483508E+00        1.486953E-03        0.000000E+00        8.345326E-06        1.262193E-05        1.068967E-06
        37        2.246000E+00        3.933405E+00        1.871355E-03        1.106663E-05        0.000000E+00        1.465124E-05        1.493531E-05
        38        2.577000E+00        4.013862E+01        2.205944E-03        0.000000E+00        0.000000E+00        2.427411E-05        7.969752E-06
        39        1.956000E+00        5.726403E+00        3.121209E-03        0.000000E+00        1.638769E-05        0.000000E+00        2.260952E-05
        40        2.615000E+00        3.597708E+00        3.517558E-03        0.000000E+00        2.459553E-05        7.638687E-06        9.696682E-06
        41        2.602000E+00        9.124268E+00        2.467901E-03        8.551013E-06        0.000000E+00        1.171318E-05        4.318842E-05
        42        3.297000E+00        7.679752E+00        5.351207E-03        0.000000E+00        3.311971E-05        0.000000E+00        1.563992E-05
        43        3.160000E-01        2.692703E+02        6.464141E-04        0.000000E+00        0.000000E+00        3.344801E-05        2.755139E-05
        44        2.630000E-01        3.528107E+01        5.263210E-04        0.000000E+00        0.000000E+00        1.042349E-05        3.751048E-06
        45        5.220000E-01        4.306671E+01        4.370433E-04        0.000000E+00        0.000000E+00        1.178597E-05        1.047566E-05
        46        1.990000E-01        7.608618E+01        3.189480E-04        0.000000E+00        0.000000E+00        4.753698E-05        2.115499E-05
        47        3.500000E-01        1.933085E+01        5.548408E-04        1.471016E-05        0.000000E+00        2.551652E-06        2.534202E-05
        48        1.558000E+00        2.491435E+01        2.404246E-03        0.000000E+00        2.590541E-05        1.147328E-05        3.112721E-05
        49        1.921000E+00        1.659529E+01        3.191847E-03        0.000000E+00        0.000000E+00        8.311114E-06        1.794604E-05
        50        2.134000E+00        1.866392E+00        3.276290E-03        6.759914E-06        1.037870E-05        0.000000E+00        1.507941E-05
        51        6.030000E-01        3.729993E+01        1.820422E-03        0.000000E+00        0.000000E+00        1.262003E-05        5.620391E-06
        52        5.040000E-01        1.026871E+01        8.627355E-04        1.146607E-05        1.025945E-05        1.043108E-05        0.000000E+00
        53        1.619000E+00        1.535318E+01        1.300070E-03        0.000000E+00        9.433986E-06        0.000000E+00        3.811086E-05
        54        2.725000E+00        1.917648E+00        1.888058E-03        0.000000E+00        4.136697E-06        5.829638E-06        1.348146E-04
        55        1.788000E+00        2.868222E+01        4.256847E-03        0.000000E+00        2.807084E-05        0.000000E+00        4.196641E-05
        56        3.004000E+00        2.337172E+01        4.463218E-03        0.000000E+00        7.612945E-06        6.851109E-06        2.938185E-05
        57        2.850000E-01        9.327975E+01        7.035877E-04        0.000000E+00        0.000000E+00        1.748914E-05        6.469313E-07
        58        3.150000E-01        7.240958E+01        3.367967E-04        0.000000E+00        0.000000E+00        1.519529E-05        2.388586E-06
        59        2.470000E+00        5.984793E+01        7.062815E-04        0.000000E+00        0.000000E+00        0.000000E+00        8.122972E-05
        60        2.542000E+00        1.234009E+01        2.400311E-03        1.934305E-05        0.000000E+00        0.000000E+00        4.762480E-05
        61        5.760000E-01        9.943609E+00        1.661499E-03        0.000000E+00        1.272927E-05        1.243541E-05        0.000000E+00
        62        2.376000E+00        5.661790E+00        4.025218E-03        0.000000E+00        3.003049E-05        0.000000E+00        8.018507E-06
        63        1.916000E+00        1.446546E+01        5.007310E-03        7.309432E-06        0.000000E+00        0.000000E+00        3.284564E-05
        64        2.300000E+00        1.630746E+01        2.267048E-03        0.000000E+00        3.196010E-05        9.783972E-06        6.779437E-05
        65        3.290000E-01        7.305787E+00        3.709228E-04        1.669490E-05        0.000000E+00        4.766162E-06        8.995650E-06
        66        2.406000E+00        6.488826E+00        7.361097E-03        0.000000E+00        4.418244E-05        0.000000E+00        3.348702E-05
        67        4.690000E-01        5.765304E+01        1.074115E-03        1.610804E-05        0.000000E+00        5.059784E-06        1.078115E-05
        68        1.475000E+00        1.603437E+01        1.879985E-03        9.448529E-06        0.000000E+00        0.000000E+00        1.171433E-05
        69        2.805000E+00        7.549062E+00        3.635212E-03        1.259064E-05        0.000000E+00        0.000000E+00        3.690999E-05
        70        3.106000E+00        2.084853E+01        1.104964E-02        0.000000E+00        4.468445E-05        5.618857E-06        0.000000E+00
        71        4.050000E-01        2.532083E+01        3.877145E-04        1.584166E-05        0.000000E+00        1.109164E-05        2.233647E-05
        72        2.970000E+00        7.004966E+01        3.970065E-03        0.000000E+00        9.518129E-06        0.000000E+00        1.170681E-05
        73        2.673000E+00        2.699248E+01        2.278851E-03        1.888023E-05        0.000000E+00        0.000000E+00        1.771496E-05
