3.034939000000000039e-02 0.000000000000000000e+00 1.274484356653943890e-04 4.147231719796327443e-05 0.000000000000000000e+00 1.257293108139253642e-39
3.105631999999999837e-02 0.000000000000000000e+00 1.321688285087553615e-04 4.431138993732128641e-05 0.000000000000000000e+00 7.240827145058880452e-37
3.177971999999999742e-02 0.000000000000000000e+00 1.364584652078518418e-04 4.519118286619165279e-05 0.000000000000000000e+00 2.670433655371873925e-34
3.251996000000000053e-02 0.000000000000000000e+00 1.411891008585201910e-04 4.759593480261362720e-05 0.000000000000000000e+00 6.492225414289597039e-32
3.327745000000000009e-02 0.000000000000000000e+00 1.453053117246801455e-04 4.880138532707638103e-05 0.000000000000000000e+00 1.073586652863507096e-29
3.405257999999999896e-02 0.000000000000000000e+00 1.489635928272403989e-04 4.898040164428133940e-05 0.000000000000000000e+00 1.240439170317760171e-27
3.484576999999999813e-02 0.000000000000000000e+00 1.530936599879850865e-04 5.129421006536326414e-05 0.000000000000000000e+00 1.026606256006227844e-25
3.565742999999999691e-02 0.000000000000000000e+00 1.600371396513453103e-04 6.636936490425916746e-05 0.000000000000000000e+00 6.222526401105749915e-24
3.648799999999999960e-02 0.000000000000000000e+00 1.694398249816863873e-04 9.292580793876079775e-05 0.000000000000000000e+00 2.817892524761829086e-22
3.733791000000000193e-02 0.000000000000000000e+00 1.739473837479742679e-04 9.875830996681144672e-05 0.000000000000000000e+00 9.750956533836538284e-21
3.820761999999999770e-02 0.000000000000000000e+00 1.741487010603683409e-04 8.902312874572426422e-05 0.000000000000000000e+00 2.627392308133183302e-19
3.909759000000000151e-02 0.000000000000000000e+00 1.806557049654858868e-04 1.075385518478664886e-04 0.000000000000000000e+00 5.609465367099757404e-18
4.000829000000000191e-02 0.000000000000000000e+00 1.900648715331553385e-04 1.392432288191248839e-04 0.000000000000000000e+00 9.636505477392945361e-17
4.094020999999999771e-02 0.000000000000000000e+00 1.955896443339786694e-04 1.549519653560781302e-04 0.000000000000000000e+00 1.350383586264266559e-15
4.189382999999999996e-02 0.000000000000000000e+00 1.957956227504121832e-04 1.484539247660949146e-04 0.000000000000000000e+00 1.568782239993177117e-14
4.286965999999999694e-02 0.000000000000000000e+00 1.959511949639701608e-04 1.422047302155203161e-04 0.000000000000000000e+00 1.531020970805475641e-13
4.386821999999999944e-02 0.000000000000000000e+00 2.009999109092407144e-04 1.583284709937673497e-04 0.000000000000000000e+00 1.270598309782864657e-12
4.489003999999999911e-02 0.000000000000000000e+00 2.036671853221984916e-04 1.669828751399223161e-04 0.000000000000000000e+00 9.062819670383623509e-12
4.593566999999999789e-02 0.000000000000000000e+00 2.015206740638848771e-04 1.549707417041720271e-04 0.000000000000000000e+00 5.607896718027026261e-11
4.700564000000000131e-02 0.000000000000000000e+00 2.024853981077593475e-04 1.580815798543622457e-04 0.000000000000000000e+00 3.045689869862994897e-10
4.810054999999999886e-02 0.000000000000000000e+00 2.050555269976391795e-04 1.694837249604812170e-04 0.000000000000000000e+00 1.465392450235500593e-09
4.922094999999999942e-02 0.000000000000000000e+00 2.040523947230146946e-04 1.625428478028444787e-04 0.000000000000000000e+00 6.299415630719005572e-09
5.036746000000000278e-02 0.000000000000000000e+00 2.069639704044744992e-04 1.817794962526440351e-04 0.000000000000000000e+00 2.437207633065389171e-08
5.154066000000000203e-02 0.000000000000000000e+00 2.168402084268052381e-04 2.627443324798562317e-04 0.000000000000000000e+00 8.539683515103381351e-08
5.274120000000000197e-02 0.000000000000000000e+00 2.126709209586381626e-04 2.465193965481416024e-04 0.000000000000000000e+00 2.732426253429307880e-07
5.396970000000000239e-02 0.000000000000000000e+00 2.033238407410307405e-04 2.100291525025137955e-04 0.000000000000000000e+00 8.034948950236375387e-07
5.522682000000000285e-02 0.000000000000000000e+00 2.023443348400967296e-04 2.209776059948499987e-04 0.000000000000000000e+00 2.184040104883064426e-06
5.651322000000000290e-02 0.000000000000000000e+00 2.112592472896601757e-04 2.810947841359560527e-04 0.000000000000000000e+00 5.514563237496012381e-06
5.782957999999999849e-02 0.000000000000000000e+00 2.121082444954316276e-04 2.929646148317122849e-04 0.000000000000000000e+00 1.298818353393141849e-05
5.917660000000000281e-02 0.000000000000000000e+00 2.081508088320335942e-04 2.833952818476716999e-04 0.000000000000000000e+00 2.870671391471532803e-05
6.055499999999999772e-02 0.000000000000000000e+00 1.987684584945108497e-04 2.510642987553131930e-04 0.000000000000000000e+00 5.980750046837996625e-05
6.196551000000000142e-02 0.000000000000000000e+00 2.030133544128846085e-04 2.988233564033733209e-04 0.000000000000000000e+00 1.179347972102723374e-04
6.340887000000000606e-02 0.000000000000000000e+00 2.020666197319751422e-04 3.108127467864676714e-04 0.000000000000000000e+00 2.208688010964426408e-04
6.488584999999999492e-02 0.000000000000000000e+00 2.001822082733111972e-04 3.134131114074188425e-04 0.000000000000000000e+00 3.939602286021789100e-04
6.639723999999999626e-02 0.000000000000000000e+00 1.975847164725436447e-04 3.169335847678879034e-04 0.000000000000000000e+00 6.721821827029601923e-04
6.794382999999999673e-02 0.000000000000000000e+00 1.948439364482911352e-04 3.204707841529788235e-04 0.000000000000000000e+00 1.100566271563722118e-03
6.952643999999999491e-02 1.435802508680536492e-309 1.910373935078737138e-04 3.194249504105507796e-04 0.000000000000000000e+00 1.734189159044175746e-03
7.114592000000000138e-02 5.178096436974051852e-290 1.875217574605880495e-04 3.225712561036300687e-04 0.000000000000000000e+00 2.635846544238192989e-03
7.280311999999999895e-02 7.416062817054024807e-272 1.896547637074020166e-04 3.613115784659909932e-04 0.000000000000000000e+00 3.871638297070994703e-03
7.449893000000000487e-02 5.321487820961874663e-255 1.844562429801336505e-04 3.540444470486584817e-04 0.000000000000000000e+00 5.513178192469642309e-03
7.623423000000000005e-02 2.372656056073903738e-239 1.764798786368534619e-04 3.333693523606082198e-04 0.000000000000000000e+00 7.627940118323454921e-03
7.800994999999999457e-02 8.028239286765068500e-225 1.731538858470246139e-04 3.399734254598718477e-04 0.000000000000000000e+00 1.027474921609361491e-02
7.982704000000000188e-02 2.481894799863653328e-211 1.714934706991550742e-04 3.518958824842268254e-04 0.000000000000000000e+00 1.349558323757210632e-02
8.168644999999999379e-02 8.327843601358705156e-199 1.695122996888056178e-04 3.610685763594374776e-04 0.000000000000000000e+00 1.730785743540035060e-02
8.358917000000000430e-02 3.563349993024494766e-187 1.603931071184441272e-04 3.234038679360195980e-04 0.000000000000000000e+00 2.172456885157171558e-02
8.553621000000000141e-02 2.257019254802219251e-176 1.609480380812634078e-04 3.583355800737112232e-04 0.000000000000000000e+00 2.673161142364417417e-02
8.752861000000000669e-02 2.430702677138785181e-166 1.583691983003555209e-04 3.691445086109060650e-04 0.000000000000000000e+00 3.229458698075087647e-02
8.956741000000000008e-02 5.061132803169747674e-157 1.541600284759142006e-04 3.704659301153736075e-04 0.000000000000000000e+00 3.835321559585684603e-02
9.165370000000000461e-02 2.295198974683756597e-148 1.713604315599022746e-04 5.911544019003593317e-04 0.000000000000000000e+00 4.481893821819459001e-02
9.378859000000000501e-02 2.533998738788428026e-140 2.747714123733114851e-04 1.859569589948063860e-03 0.000000000000000000e+00 5.162006903794990470e-02
9.597321000000000324e-02 7.580193033326427297e-133 3.341874409997000863e-04 2.793122927190768486e-03 0.000000000000000000e+00 5.889971751842212194e-02
9.820871000000000461e-02 6.756477538536088422e-126 2.646776615857044605e-04 1.971090536393381529e-03 0.000000000000000000e+00 6.661379912592213515e-02
1.004962999999999967e-01 1.959521759320475151e-119 3.251637046655815860e-04 3.080776804653951456e-03 0.000000000000000000e+00 7.469429725286441668e-02
1.028371000000000007e-01 2.006743295295346634e-113 3.072768706083780772e-04 2.624696976137960974e-03 0.000000000000000000e+00 8.306973730061163741e-02
1.052325000000000066e-01 7.830944841196824065e-108 3.699599956886088733e-04 3.916007143139201875e-03 0.000000000000000000e+00 9.168311597492379006e-02
1.076836999999999933e-01 1.249298185950361233e-102 3.377298397370756024e-04 3.523549990199489629e-03 0.000000000000000000e+00 1.004477304184291375e-01
1.101919999999999983e-01 8.696344849545474548e-98 3.486473442584348535e-04 3.823480613061132002e-03 0.000000000000000000e+00 1.092586119027216113e-01
1.127587000000000034e-01 2.776441211150231780e-93 3.299546303623562588e-04 3.697030866382056830e-03 0.000000000000000000e+00 1.167676410274485765e-01
1.153851999999999933e-01 4.515239042270467321e-89 3.353183589650712945e-04 3.909822798256060508e-03 0.000000000000000000e+00 1.287754616702469213e-01
1.180728000000000055e-01 3.984209893949106949e-85 2.905549817472444230e-04 3.353748251076846959e-03 0.000000000000000000e+00 1.482261189669465962e-01
1.208231000000000027e-01 1.808085527367013400e-81 2.506440887920576986e-04 2.465757113522900126e-03 0.000000000000000000e+00 1.608806369802638081e-01
1.236373999999999945e-01 4.227978936013080863e-78 3.149652109099720541e-04 3.888986934156934624e-03 0.000000000000000000e+00 1.577935799253468718e-01
1.265172999999999992e-01 5.896671663366500786e-75 3.255057141979529698e-04 4.305194847936158822e-03 0.000000000000000000e+00 1.553576767340463793e-01
1.294643000000000044e-01 5.302610746505934317e-72 3.158451933177352285e-04 4.405886866523392453e-03 0.000000000000000000e+00 1.597876255698643111e-01
1.324799000000000115e-01 3.067153260344406310e-69 3.209135788346408990e-04 4.685852424176866274e-03 0.000000000000000000e+00 1.653399917128949015e-01
1.355657999999999863e-01 1.167719752063942430e-66 3.161765326494818027e-04 4.769410942265674309e-03 0.000000000000000000e+00 1.704879300342454218e-01
1.387234999999999996e-01 3.015712658026949764e-64 2.759049146221633723e-04 4.337348474801016630e-03 0.000000000000000000e+00 1.751967827769572439e-01
1.419547999999999921e-01 5.438021238724798280e-62 2.750470590237992464e-04 4.392318725466165530e-03 0.000000000000000000e+00 1.796326715327580814e-01
1.452613000000000099e-01 7.118778803647305631e-60 2.850165367924226557e-04 4.694802586684520065e-03 0.000000000000000000e+00 1.862491745657021136e-01
1.486448999999999965e-01 7.229420454487986690e-58 2.765293204665495320e-04 4.584993251440044014e-03 0.000000000000000000e+00 2.038336056484309489e-01
1.521073000000000008e-01 5.578157440246981366e-56 2.800883714868293139e-04 4.116814968717149789e-03 0.000000000000000000e+00 2.256998325033128527e-01
1.556502999999999914e-01 2.938592133848752064e-54 2.859635864391064496e-04 3.855154674780078561e-03 0.000000000000000000e+00 2.227796160167443973e-01
1.592758999999999980e-01 1.123439535481141176e-52 2.920772934786376208e-04 4.461032448195807049e-03 0.000000000000000000e+00 2.046477955497476853e-01
1.629858999999999891e-01 3.590706848822599144e-51 2.984938570046956059e-04 4.567814567477786886e-03 0.000000000000000000e+00 1.982884157967479688e-01
1.667822999999999944e-01 9.556692765876491760e-50 3.052474549402266310e-04 4.792032071011303497e-03 0.000000000000000000e+00 1.988885685623773270e-01
1.706671999999999911e-01 2.086290173252238213e-48 3.133235382955563584e-04 4.773646497032228188e-03 0.000000000000000000e+00 1.997495817762916515e-01
1.746425000000000061e-01 4.057285272917271329e-47 3.248617892742872767e-04 4.895160166812532500e-03 0.000000000000000000e+00 2.003389801372851831e-01
1.787104999999999944e-01 7.218985983929821523e-46 3.373205228576708447e-04 5.108078485406830453e-03 0.000000000000000000e+00 2.005709585280997520e-01
1.828732000000000135e-01 1.175127934946045806e-44 3.573232457685754067e-04 5.592813819139376419e-03 0.000000000000000000e+00 2.004153328315758653e-01
1.871327999999999880e-01 1.752728890118233993e-43 3.816013135260302460e-04 5.942540660907183643e-03 0.000000000000000000e+00 1.999469674869011337e-01
1.914916999999999869e-01 2.404121214435523335e-42 4.138784546674792952e-04 6.277056109578395444e-03 0.000000000000000000e+00 1.992766355251783528e-01
1.959520999999999902e-01 3.051229429697868848e-41 4.600863626420164179e-04 6.569003583273505358e-03 0.000000000000000000e+00 1.983474923964955727e-01
2.005164999999999864e-01 3.624033571827540413e-40 5.081874757040676137e-04 6.863881910982892916e-03 0.000000000000000000e+00 1.971919298812859489e-01
2.051871000000000111e-01 4.101117782574272813e-39 5.583973950650519347e-04 7.139649938292389614e-03 0.000000000000000000e+00 1.960366143525080485e-01
2.099665000000000004e-01 4.521479786391567462e-38 6.095096932063836202e-04 7.423982492462352992e-03 0.000000000000000000e+00 1.950217894875199698e-01
2.148573000000000011e-01 4.971109614521610765e-37 6.562535271901220489e-04 7.738873206669465675e-03 0.000000000000000000e+00 1.942790133561859145e-01
2.198618999999999990e-01 5.555399891859380938e-36 6.975816384923634334e-04 8.073367519316650143e-03 0.000000000000000000e+00 1.941092437041222196e-01
2.249831999999999943e-01 6.356813154513750796e-35 6.981327907741967376e-04 8.475502399743772147e-03 0.000000000000000000e+00 1.946759164485228899e-01
2.302237000000000033e-01 7.395660864326531362e-34 6.886436934181624754e-04 8.898049791608656986e-03 0.000000000000000000e+00 1.959280822559268109e-01
2.355862999999999985e-01 8.596935175379725601e-33 6.665903446093021396e-04 9.339921668258732365e-03 0.000000000000000000e+00 1.977244536209506465e-01
2.410738000000000048e-01 9.774730429816825704e-32 6.620071328788489215e-04 9.796617738782893020e-03 0.000000000000000000e+00 1.998847689768501468e-01
2.466890999999999945e-01 1.066584905161335057e-30 7.166944881766957156e-04 1.028965030879046283e-02 0.000000000000000000e+00 2.022390076409767146e-01
2.524352999999999736e-01 1.102397768340015226e-29 8.241913275361794364e-04 1.078779148585306234e-02 0.000000000000000000e+00 2.047716819413469280e-01
2.583152000000000226e-01 1.074407266439315184e-28 1.006723079133284727e-03 1.128606610367497917e-02 0.000000000000000000e+00 2.080919344258307102e-01
2.643322000000000171e-01 1.020996890383813775e-27 1.411666544214758550e-03 1.175532524934812771e-02 0.000000000000000000e+00 2.201136690867049883e-01
2.704892999999999881e-01 1.001813279930071702e-26 1.943075720924920076e-03 1.219273722205766776e-02 0.000000000000000000e+00 2.566324951132933352e-01
2.767897999999999747e-01 8.758127497344185874e-26 2.547256485981484568e-03 1.261509830709385722e-02 0.000000000000000000e+00 2.840726940434539771e-01
2.832370000000000165e-01 5.918464294403827994e-25 3.341051141927982651e-03 1.305081212498814328e-02 0.000000000000000000e+00 2.583231351153558730e-01
2.898344999999999949e-01 3.576980969167250037e-24 4.329418810270255213e-03 1.350917508771459948e-02 0.000000000000000000e+00 2.226221251692661607e-01
2.965856000000000048e-01 2.261881434165239663e-23 5.424970061277899734e-03 1.405868938463441901e-02 0.000000000000000000e+00 2.120808377205695705e-01
3.034938999999999831e-01 1.406397520897648714e-22 6.172552158307834276e-03 1.467944732846372322e-02 0.000000000000000000e+00 2.093115634051305463e-01
3.105631999999999837e-01 8.314632739386009385e-22 7.246204540029155955e-03 1.544707468725959286e-02 0.000000000000000000e+00 2.064165061701757897e-01
3.177972000000000019e-01 4.673496443849864492e-21 1.009762787019784051e-02 1.640935769327934307e-02 0.000000000000000000e+00 2.029154763620925894e-01
3.251995999999999776e-01 2.504756274308298060e-20 1.135247301597846689e-02 1.764740008605551400e-02 0.000000000000000000e+00 1.990024359104434204e-01
3.327744999999999731e-01 9.384451409957949260e-20 1.205467251504555894e-02 1.920529493636896276e-02 0.000000000000000000e+00 1.941728601530824938e-01
3.405257999999999896e-01 1.943993816930338423e-19 1.283509312928477614e-02 2.111905560908210883e-02 0.000000000000000000e+00 1.880462906889437402e-01
3.484576999999999813e-01 3.524954411124916558e-19 1.415703069728747182e-02 2.331387136369840463e-02 0.000000000000000000e+00 1.816844364144345469e-01
3.565743000000000107e-01 5.909942974229875825e-19 1.453927670099446935e-02 2.498112438792073411e-02 0.000000000000000000e+00 1.751577109809392407e-01
3.648799999999999821e-01 9.676943608940483502e-19 1.798295148148862724e-02 2.603343046825335252e-02 0.000000000000000000e+00 1.686283861445123378e-01
3.733791000000000193e-01 1.620228503918162537e-18 1.901156253654395431e-02 3.069914664837978743e-02 0.000000000000000000e+00 1.622066962051074146e-01
3.820761999999999770e-01 2.868230807126349192e-18 1.635208183106752824e-02 3.264741852869284394e-02 0.000000000000000000e+00 1.559221586013746219e-01
3.909758999999999873e-01 5.482394627875525040e-18 1.931222371548961883e-02 3.592539241967068753e-02 0.000000000000000000e+00 1.498655188561639762e-01
4.000829000000000191e-01 1.141576998559676782e-17 3.242430155618861859e-02 4.135157960505731617e-02 0.000000000000000000e+00 1.440839052470575254e-01
4.094020999999999910e-01 2.586919162700615713e-17 3.906322662976012550e-02 4.425131651148477008e-02 0.000000000000000000e+00 1.386299657509731387e-01
4.189382999999999857e-01 6.324450767058634650e-17 3.958161104485691251e-02 4.715800650339760369e-02 0.000000000000000000e+00 1.335423641206743561e-01
4.286965999999999832e-01 1.644549214140922057e-16 4.351001676316407218e-02 4.725953014532792429e-02 0.000000000000000000e+00 1.288214332940904872e-01
4.386822000000000221e-01 4.471069645081354003e-16 5.147636914531078522e-02 5.010561537430437140e-02 0.000000000000000000e+00 1.244837593671316023e-01
4.489003999999999772e-01 1.256943141858765041e-15 5.968446998923676583e-02 5.533848409726948442e-02 0.000000000000000000e+00 1.214152235190183587e-01
4.593567000000000067e-01 3.840010251063079810e-15 6.531092780317078461e-02 5.718451709780038306e-02 0.000000000000000000e+00 1.279174669573134582e-01
4.700563999999999854e-01 1.355349804138453707e-14 6.790666503357685457e-02 5.860422397032237496e-02 0.000000000000000000e+00 1.573420455457485156e-01
4.810054999999999747e-01 4.221690433309049449e-14 7.206384671299691236e-02 5.971041559306677904e-02 0.000000000000000000e+00 1.750341109422770269e-01
4.922095000000000220e-01 9.520365162506630105e-14 7.171067513191631271e-02 6.031221850312045579e-02 0.000000000000000000e+00 1.460711468270508573e-01
5.036745999999999723e-01 1.912950917986862844e-13 6.985457627193029928e-02 6.171112347904764150e-02 0.000000000000000000e+00 1.134216120680189704e-01
5.154066000000000480e-01 4.333152746214907690e-13 6.788738941849892239e-02 6.168164063903777000e-02 0.000000000000000000e+00 1.041470617328693060e-01
5.274119999999999919e-01 9.947086854041654128e-13 7.663970236605159581e-02 6.268925639844620534e-02 0.000000000000000000e+00 1.018097020744221648e-01
5.396969999999999823e-01 2.187411510035023111e-12 8.089923755673245065e-02 6.764450057745655109e-02 0.000000000000000000e+00 1.000245264222458103e-01
5.522681999999999869e-01 4.608570302082590561e-12 8.350259684780748926e-02 7.067547299452137111e-02 0.000000000000000000e+00 9.841804111758420404e-02
5.651321999999999734e-01 9.354425907281825435e-12 8.662460935831672870e-02 7.217754984746115043e-02 0.000000000000000000e+00 9.698730622411692870e-02
5.782958000000000265e-01 1.841869827945231104e-11 8.730041498807868117e-02 7.286732267655310347e-02 0.000000000000000000e+00 9.572337758818548481e-02
5.917660000000000142e-01 3.545041654277183160e-11 8.901628656439863896e-02 7.411807039916511186e-02 0.000000000000000000e+00 9.461438490066069462e-02
6.055500000000000327e-01 6.782290598113862964e-11 9.691261553541867524e-02 7.610315973495207498e-02 0.000000000000000000e+00 9.446873371548879239e-02
6.196551000000000142e-01 1.415760244874744367e-10 9.633458380800907772e-02 7.834335455833503492e-02 0.000000000000000000e+00 1.037524616140718253e-01
6.340886999999999496e-01 3.572727730154731007e-10 9.417524781193367667e-02 8.041647762288295365e-02 0.000000000000000000e+00 1.378369761405077720e-01
6.488585000000000047e-01 7.972385747276671099e-10 9.945426597997195084e-02 8.228764958390297202e-02 0.000000000000000000e+00 1.609472269144099354e-01
6.639724000000000181e-01 1.261163570164280755e-09 1.031616323157416026e-01 8.391033731642891236e-02 0.000000000000000000e+00 1.316998129655904126e-01
6.794383000000000505e-01 1.801127432327096145e-09 1.041974152764151007e-01 8.525938891514039941e-02 0.000000000000000000e+00 9.578421474966103411e-02
6.952644000000000046e-01 3.214265299180783128e-09 1.071714520779155078e-01 8.636030925705098782e-02 0.000000000000000000e+00 8.548789198170941850e-02
7.114591999999999583e-01 6.364912264755705600e-09 1.050686666723618379e-01 8.735634866115971064e-02 0.000000000000000000e+00 8.307991966319085153e-02
7.280311999999999895e-01 1.289945455782999609e-08 1.082056888395503402e-01 8.830339869891985771e-02 0.000000000000000000e+00 8.117389007405068080e-02
7.449892999999999654e-01 2.655855155229135476e-08 1.180522964264858615e-01 8.920178083881132036e-02 0.000000000000000000e+00 7.937820231293363227e-02
7.623423000000000282e-01 5.534483475931697831e-08 1.169887017673126306e-01 9.013152232877347236e-02 0.000000000000000000e+00 7.776374020773757501e-02
7.800994999999999457e-01 1.160708170198771952e-07 1.125171416562639887e-01 9.113492742938487934e-02 0.000000000000000000e+00 7.638128601768928716e-02
7.982704000000000466e-01 2.430590984220962287e-07 1.116741395795296521e-01 9.220033454111409288e-02 0.000000000000000000e+00 7.523877674709023022e-02
8.168644999999999934e-01 5.033151212726614075e-07 1.197037459882315247e-01 9.342030497707326520e-02 0.000000000000000000e+00 7.432970879104132400e-02
8.358917000000000153e-01 1.019071746061020161e-06 1.216854559500092636e-01 9.486480511612921385e-02 0.000000000000000000e+00 7.363701119606957946e-02
8.553621000000000141e-01 1.991995213568652230e-06 1.191543293282802257e-01 9.633190020115964258e-02 0.000000000000000000e+00 7.313641656277775072e-02
8.752860999999999558e-01 3.708128887957291211e-06 1.291595920780799212e-01 9.791173983797740732e-02 0.000000000000000000e+00 7.281747568888385924e-02
8.956741000000000286e-01 6.477783690557736433e-06 1.307816114980816236e-01 9.957917933433793611e-02 0.000000000000000000e+00 7.266627476979435618e-02
9.165370000000000461e-01 1.069853554532142086e-05 1.347859619414226162e-01 1.012775233692022325e-01 0.000000000000000000e+00 7.266533836273651736e-02
9.378859000000000501e-01 1.729828485230329766e-05 1.292297951505579079e-01 1.030394281673818330e-01 0.000000000000000000e+00 7.283275760251108066e-02
9.597320999999999769e-01 2.754832551666967099e-05 1.314862231531602477e-01 1.048290730202832421e-01 0.000000000000000000e+00 7.316404440823956468e-02
9.820870999999999906e-01 4.322440999159876104e-05 1.348984718579996633e-01 1.066779280274037789e-01 0.000000000000000000e+00 7.363653584301983746e-02
1.004963000000000051e+00 6.683296602826570862e-05 1.412137775968598796e-01 1.079178074668238063e-01 0.000000000000000000e+00 7.422235435916003932e-02
1.028370999999999924e+00 1.018602827007051480e-04 1.415675492606462693e-01 1.077977111845914021e-01 0.000000000000000000e+00 7.490160411856373879e-02
1.052324999999999955e+00 1.531271087606523391e-04 1.394473012127782630e-01 1.076142490176552891e-01 0.000000000000000000e+00 7.568276711585508743e-02
1.076837000000000044e+00 2.271482033914917330e-04 1.366593577545846816e-01 1.065867592224387650e-01 0.000000000000000000e+00 7.655828214553495048e-02
1.101920000000000011e+00 3.325931400500101143e-04 1.337670058787875094e-01 1.051968593121686973e-01 0.000000000000000000e+00 7.751484269018101003e-02
1.127586999999999895e+00 4.809891990296553585e-04 1.320060230798602852e-01 1.051656580938190866e-01 0.000000000000000000e+00 7.856446654865197055e-02
1.153852000000000100e+00 6.876474466732480830e-04 1.320392951147619509e-01 1.052583891376755593e-01 0.000000000000000000e+00 7.974331686532755425e-02
1.180728000000000000e+00 9.727183746998309703e-04 1.296673750932086921e-01 1.051470463840810388e-01 0.000000000000000000e+00 8.108996103871625449e-02
1.208231000000000055e+00 1.362064326901405971e-03 1.286351968053770223e-01 1.052021664929447542e-01 0.000000000000000000e+00 8.261253825634663761e-02
1.236374000000000084e+00 1.888788932614419037e-03 1.284682944214998457e-01 1.053983708497379518e-01 0.000000000000000000e+00 8.431933247169871859e-02
1.265173000000000103e+00 2.594730311146985300e-03 1.267320238323531301e-01 1.046823672596665644e-01 0.000000000000000000e+00 8.621352436289858590e-02
1.294642999999999988e+00 3.532288396683931977e-03 1.255832592940214487e-01 1.038549873772751514e-01 0.000000000000000000e+00 8.829712102940413809e-02
1.324799000000000060e+00 4.767160820136096509e-03 1.236045859039612699e-01 1.033237620593314976e-01 0.000000000000000000e+00 9.058479464033454553e-02
1.355658000000000030e+00 6.382001906547120351e-03 1.214536668447159379e-01 1.019730001583339374e-01 0.000000000000000000e+00 9.310901857586360852e-02
1.387234999999999996e+00 8.478455187143664473e-03 1.191533950414868925e-01 1.015253815471793830e-01 0.000000000000000000e+00 9.588867964472719274e-02
1.419548000000000032e+00 1.117987007103748466e-02 1.154168489185807139e-01 1.000943170392488840e-01 0.000000000000000000e+00 9.892991456823173324e-02
1.452612999999999932e+00 1.463617378283350000e-02 1.170293172408407995e-01 1.003755484748049681e-01 0.000000000000000000e+00 1.022437380385531197e-01
1.486448999999999909e+00 1.902715836296226676e-02 1.177192165915133815e-01 1.009838821293652100e-01 0.000000000000000000e+00 1.058371804657330106e-01
1.521072999999999897e+00 2.456370620123153950e-02 1.229655316848507068e-01 1.034450078904224635e-01 0.000000000000000000e+00 1.097019324280949226e-01
1.556502999999999970e+00 3.149778141173992241e-02 1.234510059829854872e-01 1.052229818307347381e-01 0.000000000000000000e+00 1.138482197640902638e-01
1.592759000000000036e+00 4.012135319747608259e-02 1.203404916737327163e-01 1.052674547836748992e-01 0.000000000000000000e+00 1.182745516784001472e-01
1.629858999999999947e+00 5.076242148901066037e-02 1.224318102442754630e-01 1.063961639150849542e-01 0.000000000000000000e+00 1.229559103030060940e-01
1.667823000000000055e+00 6.377617967660480225e-02 1.228039764101220288e-01 1.052444929062578277e-01 0.000000000000000000e+00 1.278384650752132090e-01
1.706671999999999967e+00 7.956124482803819675e-02 1.207960513024739363e-01 1.022668307006954908e-01 0.000000000000000000e+00 1.328899770411345049e-01
1.746424999999999894e+00 9.855855732478081832e-02 1.141015014845554731e-01 9.781463995912288711e-02 0.000000000000000000e+00 1.380878194076670673e-01
1.787104999999999944e+00 1.212244597897272902e-01 1.060348427490614143e-01 9.379119542209903015e-02 0.000000000000000000e+00 1.433836141540267006e-01
1.828732000000000024e+00 1.479996389300962667e-01 9.897581466827072572e-02 8.915055413192757294e-02 0.000000000000000000e+00 1.486945031540715112e-01
1.871328000000000102e+00 1.793370411136630260e-01 9.309432060877843862e-02 8.476505818309591767e-02 0.000000000000000000e+00 1.539602460797296346e-01
1.914916999999999980e+00 2.157035367522169012e-01 8.892749544744668611e-02 8.105572494783805371e-02 0.000000000000000000e+00 1.591423169716904840e-01
1.959521000000000068e+00 2.575147177335495585e-01 8.378515234065014861e-02 7.687002115429372728e-02 0.000000000000000000e+00 1.641781291479011140e-01
2.005164999999999864e+00 3.052770939059442634e-01 7.983745729841627836e-02 7.353344602504532923e-02 0.000000000000000000e+00 1.690830848918828400e-01
2.051870999999999778e+00 3.595650468996011706e-01 7.729573669638385713e-02 7.006862087477859491e-02 0.000000000000000000e+00 1.739001591465020868e-01
2.099664999999999893e+00 4.210281584613249639e-01 7.511117366595586320e-02 6.703599233111733058e-02 0.000000000000000000e+00 1.786870832721893509e-01
2.148572999999999844e+00 4.902370613942653166e-01 7.286098622703732208e-02 6.426169680190522981e-02 0.000000000000000000e+00 1.834478445211962239e-01
2.198618999999999879e+00 5.676819537080542988e-01 6.986309920133179641e-02 6.130600433113319453e-02 0.000000000000000000e+00 1.881593557926064808e-01
2.249832000000000054e+00 6.537351281992135332e-01 6.675900352987937381e-02 5.875278856720687892e-02 0.000000000000000000e+00 1.927765454237733989e-01
2.302236999999999867e+00 7.485447524944924824e-01 5.823019300638208884e-02 5.263836278059329937e-02 0.000000000000000000e+00 1.972192896875556156e-01
2.355862999999999818e+00 8.527720141945441812e-01 5.042861677127899456e-02 4.687330694431452588e-02 0.000000000000000000e+00 2.015692016007537835e-01
2.410737999999999825e+00 9.666872025531947354e-01 4.571111291609081251e-02 4.371049827273178201e-02 0.000000000000000000e+00 2.058033291420627298e-01
2.466890999999999945e+00 1.090055130189711896e+00 4.005710277495753285e-02 4.129700793827977695e-02 0.000000000000000000e+00 2.098182303695275419e-01
2.524353000000000069e+00 1.222789295342255445e+00 3.509635589122203636e-02 3.867792438890341883e-02 0.000000000000000000e+00 2.135834965482119041e-01
2.583152000000000115e+00 1.364822612279994019e+00 3.511138479293092474e-02 3.890375134467436574e-02 0.000000000000000000e+00 2.170943818350902776e-01
2.643321999999999949e+00 1.516158555108984007e+00 3.447655578346250221e-02 3.809939982240378997e-02 0.000000000000000000e+00 2.203699882207378613e-01
2.704893000000000214e+00 1.676742624487534972e+00 3.367819800364597188e-02 3.695205649639818346e-02 0.000000000000000000e+00 2.234266610508241491e-01
2.767898000000000192e+00 1.847020953236298668e+00 3.253194045481325875e-02 3.592524325294179505e-02 0.000000000000000000e+00 2.263469337053923003e-01
2.832370000000000054e+00 2.027319891699716159e+00 3.131933570001957379e-02 3.468228566307481747e-02 0.000000000000000000e+00 2.291831760532906381e-01
2.898344999999999949e+00 2.218099634350065852e+00 2.993491945937899051e-02 3.388963351789406331e-02 0.000000000000000000e+00 2.319927712535513609e-01
2.965856000000000048e+00 2.420660844048891924e+00 2.851964764487535664e-02 3.270484020459314689e-02 0.000000000000000000e+00 2.349033327359566492e-01
3.034939000000000053e+00 2.635618787734514523e+00 2.729354921305754064e-02 3.152826489921246172e-02 0.000000000000000000e+00 2.379489629668054274e-01
3.105631999999999948e+00 2.862425991689565574e+00 2.632482812659964894e-02 3.033316343123941897e-02 0.000000000000000000e+00 2.410585498889704914e-01
3.177972000000000019e+00 3.100422891326355845e+00 2.529308132754496188e-02 2.950467931063116556e-02 0.000000000000000000e+00 2.441719632724377309e-01
3.251996000000000109e+00 3.349513984530479771e+00 2.425535213367078363e-02 3.311080114354776616e-02 0.000000000000000000e+00 2.472878417663309236e-01
3.327745000000000175e+00 3.607430820843214647e+00 2.310929959820028773e-02 3.922244704322833814e-02 0.000000000000000000e+00 2.502568943338212559e-01
3.405257999999999896e+00 3.871845118787221818e+00 2.189054515487468336e-02 3.171790101088015068e-02 0.000000000000000000e+00 2.529629354058758328e-01
3.484576999999999813e+00 4.139885479711003846e+00 2.066251791104718391e-02 2.886015932794423408e-02 0.000000000000000000e+00 2.552854851042705153e-01
3.565742999999999885e+00 4.409801278861032792e+00 1.941496200353846555e-02 2.476201767207893492e-02 0.000000000000000000e+00 2.571989524816359896e-01
3.648800000000000043e+00 4.680411952602163694e+00 1.818648174225350259e-02 2.312935657586415172e-02 0.000000000000000000e+00 2.587181485160945371e-01
3.733791000000000082e+00 4.950613702320413090e+00 1.692576871501608182e-02 2.201156167663834845e-02 0.000000000000000000e+00 2.598619630500773048e-01
3.820762000000000214e+00 5.220373132222499102e+00 1.581316279491219376e-02 2.101378769739639316e-02 0.000000000000000000e+00 2.607014426409705599e-01
3.909759000000000206e+00 5.490752898356694445e+00 1.467579623052922035e-02 2.003430927736470427e-02 0.000000000000000000e+00 2.613482572007068128e-01
4.000829000000000413e+00 5.763544171092390478e+00 1.355691496032283144e-02 1.894572840968376456e-02 0.000000000000000000e+00 2.619281036523781747e-01
4.094020999999999688e+00 6.042601308687657102e+00 1.258118036327701521e-02 1.800122421875595749e-02 0.000000000000000000e+00 2.626349388535524354e-01
4.189383000000000301e+00 6.332308352168293908e+00 1.168568975684323996e-02 1.730398814344158778e-02 0.000000000000000000e+00 2.636522069262318135e-01
4.286965999999999610e+00 6.636029346258042416e+00 1.056072339741474624e-02 1.642019280559769631e-02 0.000000000000000000e+00 2.650925436915768652e-01
4.386822000000000443e+00 6.956328909277642580e+00 9.146720557216714287e-03 1.529517282397267058e-02 0.000000000000000000e+00 2.670198391875832078e-01
4.489004000000000438e+00 7.294903724707856085e+00 8.256772044305518352e-03 1.459517848422582989e-02 0.000000000000000000e+00 2.694559198823857082e-01
4.593567000000000178e+00 7.653313519344055571e+00 7.690541903417179997e-03 1.432454666208883912e-02 0.000000000000000000e+00 2.724143622818374078e-01
4.700563999999999965e+00 8.032306628052836572e+00 7.274895452313352544e-03 1.432466060986669308e-02 0.000000000000000000e+00 2.758789619387078118e-01
4.810055000000000192e+00 8.430518253513978877e+00 6.853948695375407761e-03 1.448387745928066475e-02 0.000000000000000000e+00 2.797657559441240616e-01
4.922094999999999665e+00 8.843389194286251254e+00 6.416523230875956739e-03 1.465477136666883638e-02 0.000000000000000000e+00 2.838995049772493617e-01
5.036745999999999945e+00 9.266570928011695685e+00 6.023748533081782486e-03 1.477563081576123948e-02 0.000000000000000000e+00 2.881339408566463423e-01
5.154066000000000258e+00 9.696827702067871257e+00 5.646244611793960026e-03 1.522017138860866543e-02 0.000000000000000000e+00 2.923743711438069326e-01
5.274119999999999919e+00 1.012792923307955562e+01 5.302219749768302508e-03 1.584871768809137382e-02 0.000000000000000000e+00 2.964496586971011594e-01
5.396969999999999601e+00 1.055596331088111306e+01 4.976241714400994262e-03 1.661824063052248779e-02 0.000000000000000000e+00 3.002738823304060278e-01
5.522681999999999647e+00 1.097831111144160410e+01 4.667185902973788533e-03 1.750996509809161009e-02 0.000000000000000000e+00 3.038059459066428381e-01
5.651322000000000401e+00 1.139184806485172707e+01 4.369306340573819898e-03 1.849800870056766272e-02 0.000000000000000000e+00 3.069949196089685750e-01
5.782957999999999821e+00 1.179375344900264366e+01 4.092725389275287534e-03 1.957370048526694759e-02 0.000000000000000000e+00 3.098023442827789187e-01
5.917659999999999698e+00 1.218331555378353848e+01 3.817784275302321152e-03 2.078144428357544052e-02 0.000000000000000000e+00 3.122467437865932838e-01
6.055500000000000327e+00 1.256060107776489509e+01 3.565553765243003898e-03 3.879597623942394186e-02 0.000000000000000000e+00 3.143634384022829242e-01
6.196551000000000364e+00 1.292471654830098693e+01 3.336246654238254460e-03 1.188781488312036921e-01 0.000000000000000000e+00 3.161600980303481134e-01
6.340887000000000384e+00 1.327458375689718295e+01 3.119469428112908553e-03 6.103109435171318736e-02 0.000000000000000000e+00 3.176383630153352677e-01
6.488584999999999603e+00 1.360947318639539816e+01 2.919112239648971856e-03 2.540792465548746826e-02 0.000000000000000000e+00 3.188069522291432922e-01
6.639724000000000181e+00 1.392707659229583683e+01 2.732310680932406761e-03 2.630473555561431420e-02 0.000000000000000000e+00 3.196366794371938713e-01
6.794382999999999839e+00 1.422373878897478860e+01 2.555635584025829111e-03 2.725353809418608331e-02 0.000000000000000000e+00 3.200693720511884610e-01
6.952644000000000268e+00 1.449684746768771149e+01 2.390683728395544619e-03 2.825380522528019717e-02 0.000000000000000000e+00 3.200732463009562379e-01
7.114592000000000027e+00 1.474837168715063918e+01 2.234762828974757708e-03 3.054549721195860129e-02 0.000000000000000000e+00 3.197170091334060049e-01
7.280312000000000339e+00 1.498224651424379417e+01 2.087492427392670553e-03 6.022238514966084255e-02 0.000000000000000000e+00 3.191052447838583217e-01
7.449893000000000320e+00 1.520183276963473595e+01 1.948114176340080264e-03 8.743144172753999910e-02 0.000000000000000000e+00 3.183224214678831987e-01
7.623422999999999838e+00 1.541522470692702740e+01 1.819649686174863680e-03 1.107267142571605328e-01 0.000000000000000000e+00 3.175442127576001972e-01
7.800995000000000346e+00 1.563529611001643005e+01 1.698843657987199893e-03 1.027844505757108812e-01 0.000000000000000000e+00 3.170315776938177899e-01
7.982704000000000022e+00 1.586896216344499067e+01 1.585731099166231162e-03 9.138313146695113687e-02 0.000000000000000000e+00 3.169104681116142741e-01
8.168644999999999712e+00 1.611932785622679276e+01 1.480857595115636811e-03 6.795640694363547230e-02 0.000000000000000000e+00 3.172248018441406470e-01
8.358916999999999931e+00 1.639064171238958778e+01 1.383110884823430566e-03 4.110630252654218220e-02 0.000000000000000000e+00 3.180387615012215674e-01
8.553620999999999697e+00 1.668846947645576506e+01 1.292704752913248880e-03 4.233585141432825993e-02 0.000000000000000000e+00 3.194389034606612832e-01
8.752860999999999336e+00 1.701298246170123107e+01 1.208433336152225706e-03 4.417435763315095965e-02 0.000000000000000000e+00 3.214061161498504293e-01
8.956740999999999175e+00 1.735913209312071359e+01 1.129714410161493940e-03 4.264381973377454060e-02 0.000000000000000000e+00 3.238257857332023093e-01
9.165369999999999351e+00 1.771751297312857787e+01 1.056438502625855471e-03 4.166196496525394893e-02 0.000000000000000000e+00 3.265094260443178187e-01
9.378859000000000279e+00 1.807531920474597342e+01 9.880850812939965828e-04 4.179830830233906974e-02 0.000000000000000000e+00 3.292160641603671944e-01
9.597321000000000879e+00 1.841720331892864948e+01 9.238806156895379516e-04 4.267274523463922276e-02 0.000000000000000000e+00 3.316701082598617067e-01
9.820871000000000350e+00 1.873288807833198888e+01 8.575145815672230660e-04 4.346999236979811471e-02 0.000000000000000000e+00 3.336981288572349880e-01
1.004963000000000051e+01 1.901871252452315630e+01 7.897001199883536219e-04 4.389544947577918299e-02 0.000000000000000000e+00 3.352500104479897991e-01
1.028370999999999924e+01 1.926793466307185909e+01 7.368189614637200326e-04 4.463511377836354432e-02 0.000000000000000000e+00 3.362230664226125154e-01
1.052325000000000088e+01 1.947781741117268339e+01 6.864482350846029188e-04 4.539857056807976299e-02 0.000000000000000000e+00 3.365869262200772427e-01
1.076837000000000089e+01 1.964610082178507966e+01 6.395191181739525712e-04 4.618002998604559678e-02 0.000000000000000000e+00 3.363195180449496946e-01
1.101919999999999966e+01 1.977253418739751112e+01 5.957976352868633863e-04 6.314254768731875078e-02 0.000000000000000000e+00 3.354326381730516338e-01
1.127586999999999939e+01 1.985314827095944779e+01 5.550650126637035131e-04 1.562888860346471065e-01 0.000000000000000000e+00 3.338741314135239557e-01
1.153852000000000011e+01 1.989458028149589808e+01 5.171169347248135827e-04 9.263721821284069680e-02 0.000000000000000000e+00 3.317695189153664348e-01
1.180728000000000044e+01 1.994368289129158001e+01 4.817599039879389821e-04 4.719865929206060878e-02 0.000000000000000000e+00 3.299045261837091902e-01
1.208230999999999966e+01 2.002837089448909325e+01 4.488192537255495632e-04 4.700413277971680903e-02 0.000000000000000000e+00 3.287288419927571481e-01
1.236373999999999995e+01 2.018104966835020875e+01 4.181298311341324317e-04 4.680356053615108286e-02 0.000000000000000000e+00 3.287521525166950953e-01
1.265173000000000059e+01 2.041691383271648519e+01 3.895333100493584872e-04 4.678722006019390284e-02 0.000000000000000000e+00 3.301919845376278806e-01
1.294642999999999944e+01 2.072301600594391147e+01 3.628902225634590261e-04 4.667821564208733676e-02 0.000000000000000000e+00 3.328093738174380256e-01
1.324798999999999971e+01 2.110355237631268110e+01 3.380650227477843112e-04 4.645808619561232061e-02 0.000000000000000000e+00 3.366469788823767684e-01
1.355658000000000030e+01 2.162204137429694484e+01 3.149341289766814439e-04 4.611081547682268494e-02 0.000000000000000000e+00 3.426879300977485054e-01
1.387235000000000085e+01 2.235293054369381238e+01 2.933810894607259386e-04 4.562963895350076460e-02 0.000000000000000000e+00 3.520643596120759944e-01
1.419547999999999988e+01 2.339869211470647414e+01 2.732991318745357193e-04 4.502550548501391137e-02 0.000000000000000000e+00 3.663223745182019320e-01
1.452613000000000021e+01 2.473586362797556149e+01 2.545880320775986976e-04 4.430358565652545849e-02 0.000000000000000000e+00 3.850156682252192097e-01
1.486448999999999998e+01 2.619416830563398335e+01 2.371549547858880743e-04 4.346954336017470194e-02 0.000000000000000000e+00 4.054405027066109723e-01
1.521072999999999986e+01 2.755633182136611836e+01 2.209137004550753344e-04 4.254681310525033205e-02 0.000000000000000000e+00 4.242320811159701055e-01
1.556503000000000014e+01 2.865764950233964115e+01 2.057824670917787779e-04 4.160155583072842195e-02 0.000000000000000000e+00 4.389018654844410450e-01
1.592759000000000036e+01 2.946818847463225310e+01 1.916874057191047794e-04 4.106727901184102636e-02 0.000000000000000000e+00 4.490628537081067795e-01
1.629859000000000080e+01 3.000355260583018691e+01 1.785581928649332460e-04 4.058312206139891992e-02 0.000000000000000000e+00 4.550218949269935198e-01
1.667822999999999922e+01 3.024102579947808067e+01 1.663304767084333767e-04 4.009272025173051673e-02 0.000000000000000000e+00 4.564973522085142843e-01
1.706672000000000011e+01 3.011577449746832613e+01 1.549438500457054799e-04 3.964818321974088872e-02 0.000000000000000000e+00 4.525758202296534249e-01
1.746424999999999983e+01 2.957195569971894855e+01 1.443429129083144218e-04 3.927945900065311913e-02 0.000000000000000000e+00 4.424902314981239981e-01
1.787105000000000032e+01 2.861461783618435462e+01 1.344762057970965861e-04 3.900920748229632501e-02 0.000000000000000000e+00 4.263891145887331313e-01
1.828732000000000113e+01 2.724584105018537983e+01 1.252961531829618945e-04 3.886219145518098050e-02 0.000000000000000000e+00 4.043696968745216225e-01
1.871328000000000102e+01 2.564090622069306136e+01 1.167569970507721091e-04 3.884298170828116153e-02 0.000000000000000000e+00 3.790838602712612304e-01
1.914917000000000158e+01 2.405971465347821692e+01 1.088156758146936840e-04 3.906530638775629338e-02 0.000000000000000000e+00 3.543863192940912010e-01
1.959521000000000157e+01 2.280570842087556116e+01 1.014305253539744849e-04 3.963532096307836872e-02 0.000000000000000000e+00 3.347136205460425895e-01
2.005164999999999864e+01 2.211578390606901579e+01 9.456209715923522701e-05 4.032299162482222421e-02 0.000000000000000000e+00 3.234686153823947974e-01
2.051870999999999867e+01 2.221690092469729194e+01 8.817301755530001183e-05 4.121830290864631624e-02 0.000000000000000000e+00 3.238678761163739095e-01
2.099664999999999893e+01 2.311125587967999095e+01 8.222891862809051983e-05 4.230217993939767995e-02 0.000000000000000000e+00 3.358266265842352327e-01
2.148573000000000022e+01 2.474853955310573994e+01 7.669645817854657478e-05 4.360286923891474459e-02 0.000000000000000000e+00 3.585081485854096361e-01
2.198619000000000057e+01 2.710475211795561279e+01 7.154563761463583391e-05 4.513952572455066925e-02 0.000000000000000000e+00 3.914728195537989786e-01
2.249831999999999965e+01 3.007757595766636527e+01 6.674805841482384604e-05 4.711671886060515846e-02 0.000000000000000000e+00 4.331644342000131043e-01
2.302236999999999867e+01 3.344987020416554913e+01 6.227806377487057302e-05 4.920729032869826380e-02 0.000000000000000000e+00 4.804005915564302232e-01
2.355863000000000085e+01 3.697049764044867715e+01 5.811162014856080619e-05 5.128976105295592058e-02 0.000000000000000000e+00 5.295503188334852451e-01
2.410737999999999914e+01 4.045176397924620204e+01 5.422695857004243260e-05 5.329087639976125279e-02 0.000000000000000000e+00 5.779288239423089335e-01
2.466891000000000034e+01 4.377224865322933312e+01 5.060406840818486356e-05 5.519140546400373715e-02 0.000000000000000000e+00 6.238228538868882955e-01
2.524352999999999980e+01 4.682880043293364025e+01 4.722449418531058019e-05 5.697319467388197584e-02 0.000000000000000000e+00 6.657943302803528418e-01
2.583152000000000115e+01 4.957894263439518312e+01 4.407139629774986387e-05 5.876192445195192737e-02 0.000000000000000000e+00 7.032773581508626748e-01
2.643321999999999861e+01 5.200181884265062848e+01 4.112927538611732390e-05 6.101927256065554223e-02 0.000000000000000000e+00 7.360147768010083524e-01
2.704892999999999859e+01 5.408713882285921670e+01 3.838382531126325448e-05 6.324125748304537664e-02 0.000000000000000000e+00 7.638984334286058608e-01
2.767897999999999925e+01 5.583054701512636342e+01 3.582177287200126258e-05 6.536064408383324142e-02 0.000000000000000000e+00 7.869023092792820639e-01
2.832369999999999877e+01 5.721614977330018093e+01 3.343076629526360892e-05 6.739158435164852023e-02 0.000000000000000000e+00 8.048359722557396623e-01
2.898345000000000127e+01 5.823102226791815639e+01 3.119940618414284301e-05 6.935116604344822300e-02 0.000000000000000000e+00 8.175499211896050111e-01
2.965856000000000137e+01 5.883094203041074621e+01 2.905229238825827093e-05 7.117596341635326618e-02 0.000000000000000000e+00 8.244549918677125389e-01
