3.034939000000000039e-02 0.000000000000000000e+00 1.268116996069540061e-05 0.000000000000000000e+00 4.776694029880116640e-05 1.658997371585023695e-01
3.105631999999999837e-02 0.000000000000000000e+00 1.315002770484605971e-05 0.000000000000000000e+00 5.172921808613084534e-05 1.650717220034711996e-01
3.177971999999999742e-02 0.000000000000000000e+00 1.357588320685168673e-05 0.000000000000000000e+00 5.260817166009357156e-05 1.640883294627592803e-01
3.251996000000000053e-02 0.000000000000000000e+00 1.404544950568150887e-05 0.000000000000000000e+00 5.591723160678111707e-05 1.626617626041007014e-01
3.327745000000000009e-02 0.000000000000000000e+00 1.445371114089263504e-05 0.000000000000000000e+00 5.736349258194039190e-05 1.612394793020464623e-01
3.405257999999999896e-02 0.000000000000000000e+00 1.481622692606909350e-05 0.000000000000000000e+00 5.721658742099814451e-05 1.598496600159341474e-01
3.484576999999999813e-02 0.000000000000000000e+00 1.522544819544880504e-05 0.000000000000000000e+00 6.046102421231055139e-05 1.584923547649149667e-01
3.565742999999999691e-02 0.000000000000000000e+00 1.591418550363338631e-05 0.000000000000000000e+00 8.386903376853144796e-05 1.570188387425300591e-01
3.648799999999999960e-02 0.000000000000000000e+00 1.684708471451427632e-05 0.000000000000000000e+00 1.254725312072495550e-04 1.551808136756340495e-01
3.733791000000000193e-02 0.000000000000000000e+00 1.729287244002178996e-05 0.000000000000000000e+00 1.343726058460885549e-04 1.533611602746572933e-01
3.820761999999999770e-02 0.000000000000000000e+00 1.731024440921107588e-05 0.000000000000000000e+00 1.186919892013729196e-04 1.515829537964144269e-01
3.909759000000000151e-02 0.000000000000000000e+00 1.795401016755948697e-05 0.000000000000000000e+00 1.476767646738229734e-04 1.498447797063570952e-01
4.000829000000000191e-02 0.000000000000000000e+00 1.888560283213377633e-05 0.000000000000000000e+00 1.975052633860414930e-04 1.480220989054890357e-01
4.094020999999999771e-02 0.000000000000000000e+00 1.943057505366642008e-05 0.000000000000000000e+00 2.221069378329011993e-04 1.459090980050451458e-01
4.189382999999999996e-02 0.000000000000000000e+00 1.944662738483619399e-05 0.000000000000000000e+00 2.117030076354911865e-04 1.438229892742541038e-01
4.286965999999999694e-02 0.000000000000000000e+00 1.945720695453153885e-05 0.000000000000000000e+00 2.016901611455581081e-04 1.417819411242587091e-01
4.386821999999999944e-02 0.000000000000000000e+00 1.995300896849015228e-05 0.000000000000000000e+00 2.270041680631886070e-04 1.397846306609867029e-01
4.489003999999999911e-02 0.000000000000000000e+00 2.021161656490283898e-05 0.000000000000000000e+00 2.405641208942796362e-04 1.377310558001718366e-01
4.593566999999999789e-02 0.000000000000000000e+00 1.999186256909047331e-05 0.000000000000000000e+00 2.215832018677202353e-04 1.354568621160576192e-01
4.700564000000000131e-02 0.000000000000000000e+00 2.008009630454319838e-05 0.000000000000000000e+00 2.264938380857392910e-04 1.332172012999979227e-01
4.810054999999999886e-02 0.000000000000000000e+00 2.032662033510069537e-05 0.000000000000000000e+00 2.444350824707692410e-04 1.310281941225933944e-01
4.922094999999999942e-02 0.000000000000000000e+00 2.021801155115049350e-05 0.000000000000000000e+00 2.334686956271106505e-04 1.288861659020182071e-01
5.036746000000000278e-02 0.000000000000000000e+00 2.049623264164525835e-05 0.000000000000000000e+00 2.638137976574217794e-04 1.267084577460355355e-01
5.154066000000000203e-02 0.000000000000000000e+00 2.146243677981399635e-05 0.000000000000000000e+00 3.917019013506371360e-04 1.243555277562796990e-01
5.274120000000000197e-02 0.000000000000000000e+00 2.103692485032454518e-05 0.000000000000000000e+00 3.662275288682743176e-04 1.220109789127504230e-01
5.396970000000000239e-02 0.000000000000000000e+00 2.009878439829245348e-05 0.000000000000000000e+00 3.088942710117866756e-04 1.196735896184670384e-01
5.522682000000000285e-02 0.000000000000000000e+00 1.998708318130441126e-05 0.000000000000000000e+00 3.262187537737585522e-04 1.173252751138375710e-01
5.651322000000000290e-02 0.000000000000000000e+00 2.085054217208989961e-05 0.000000000000000000e+00 4.207742103225840628e-04 1.148951890385586649e-01
5.782957999999999849e-02 0.000000000000000000e+00 2.091535778701278763e-05 0.000000000000000000e+00 4.392723163135846915e-04 1.122801273179596382e-01
5.917660000000000281e-02 0.000000000000000000e+00 2.050458490394864146e-05 0.000000000000000000e+00 4.241569502851912175e-04 1.096279551102056909e-01
6.055499999999999772e-02 0.000000000000000000e+00 1.955871049705031449e-05 0.000000000000000000e+00 3.734851284601563098e-04 1.069440967062128267e-01
6.196551000000000142e-02 0.000000000000000000e+00 1.995203759110043379e-05 0.000000000000000000e+00 4.484001464750578887e-04 1.042273227927720397e-01
6.340887000000000606e-02 3.699609914039874633e-300 1.983224824072162137e-05 0.000000000000000000e+00 4.668082022694960542e-04 1.014397353132021340e-01
6.488584999999999492e-02 1.221277856467908722e-280 1.961808721573990037e-05 0.000000000000000000e+00 4.705765417485645763e-04 9.851289957367420635e-02
6.639723999999999626e-02 1.612347648723616140e-262 1.933174645834847665e-05 0.000000000000000000e+00 4.758094399279854769e-04 9.555937814562440180e-02
6.794382999999999673e-02 1.071396070487604832e-245 1.902904270611091215e-05 0.000000000000000000e+00 4.810150764600796430e-04 9.259198447399544230e-02
6.952643999999999491e-02 4.437204860847795616e-230 1.861996029482417469e-05 0.000000000000000000e+00 4.787288692661236422e-04 8.961698400947468168e-02
7.114592000000000138e-02 1.396538737861282665e-215 1.823693444260584290e-05 0.000000000000000000e+00 4.830498179251476853e-04 8.660524039229368365e-02
7.280311999999999895e-02 4.015288136231782622e-202 1.839940581076912463e-05 0.000000000000000000e+00 5.423825846868471140e-04 8.351247148788003283e-02
7.449893000000000487e-02 1.253229906319775374e-189 1.784690592481989662e-05 0.000000000000000000e+00 5.302291465678775264e-04 8.042248562531152667e-02
7.623423000000000005e-02 4.980988968724803784e-178 1.702442626804002231e-05 0.000000000000000000e+00 4.973489341836320309e-04 7.734673766156306696e-02
7.800994999999999457e-02 2.923841160203721481e-167 1.664879262872199616e-05 0.000000000000000000e+00 5.062710638197539300e-04 7.428898182253654281e-02
7.982704000000000188e-02 2.908487126395082638e-157 1.642944173795157786e-05 0.000000000000000000e+00 5.232212606234557970e-04 7.123631433500111909e-02
8.168644999999999379e-02 5.570178057603453282e-148 1.617473575787315663e-05 0.000000000000000000e+00 5.354558480064247400e-04 6.816831610407214637e-02
8.358917000000000430e-02 2.314881154510703145e-139 1.523706862402836701e-05 0.000000000000000000e+00 4.764270669624035828e-04 6.514469809795411792e-02
8.553621000000000141e-02 2.331720389398393241e-131 1.521532722054839104e-05 0.000000000000000000e+00 5.273872246909526223e-04 6.217773929950247414e-02
8.752861000000000669e-02 6.308499665725416883e-124 1.489105803011469339e-05 0.000000000000000000e+00 5.412021973850661503e-04 5.927789476409799779e-02
8.956741000000000008e-02 5.042280798394997276e-117 1.440927810910238293e-05 0.000000000000000000e+00 5.404230286504937064e-04 5.644276261864589195e-02
9.165370000000000461e-02 1.172684589897100469e-109 1.434876487373563188e-04 0.000000000000000000e+00 7.788335516277384088e-03 4.838880301169289355e-01
9.378859000000000501e-02 1.059996973907349379e-103 2.284152868481912377e-04 0.000000000000000000e+00 2.456756291257157152e-02 4.595460410655193839e-01
9.597321000000000324e-02 3.638980567492443532e-98 2.755913031868036773e-04 0.000000000000000000e+00 3.660436101199004977e-02 4.377339991092502047e-01
9.820871000000000461e-02 5.090162356443066287e-93 2.163477716829827397e-04 0.000000000000000000e+00 2.547476151694541904e-02 4.179828942427115113e-01
1.004962999999999967e-01 3.095976256553911975e-88 2.632068978275442853e-04 0.000000000000000000e+00 3.944266636475816934e-02 3.998222919281592680e-01
1.028371000000000007e-01 9.190935750350211662e-84 2.600022010832397489e-04 0.000000000000000000e+00 3.527989007144750194e-02 4.046038761345970292e-01
1.052325000000000066e-01 1.269111729875122118e-79 3.111174819723069233e-04 0.000000000000000000e+00 5.204651361575442919e-02 3.900801516589946782e-01
1.076836999999999933e-01 9.025516691790987419e-76 2.820868938007480096e-04 0.000000000000000000e+00 4.649176600874162929e-02 3.764392454431962354e-01
1.101919999999999983e-01 3.468702297387789624e-72 2.890253839116212892e-04 0.000000000000000000e+00 4.982098543261959805e-02 3.634122594820368701e-01
1.127587000000000034e-01 7.453864824719208001e-69 2.712690873969745122e-04 0.000000000000000000e+00 4.728595434678658366e-02 3.471026724771030247e-01
1.153851999999999933e-01 9.801767764345333952e-66 2.731648485411820372e-04 0.000000000000000000e+00 4.959679971876931881e-02 3.442564393299689662e-01
1.180728000000000055e-01 8.288074561277752125e-63 2.343166346285231109e-04 0.000000000000000000e+00 4.230672789191002731e-02 3.583793107119105925e-01
1.208231000000000027e-01 4.217856053206515556e-60 1.998860066098733239e-04 0.000000000000000000e+00 3.183242512329371998e-02 3.535845942208235559e-01
1.236373999999999945e-01 1.457996042779256489e-57 2.827714261891988616e-04 0.000000000000000000e+00 5.523908889026944019e-02 3.609212640515958026e-01
1.265172999999999992e-01 3.058856040109533052e-55 2.922345447948477919e-04 0.000000000000000000e+00 5.999160018407022343e-02 3.302366308876227285e-01
1.294643000000000044e-01 4.693301443525720126e-53 2.835614622688842411e-04 0.000000000000000000e+00 5.974604070828223867e-02 3.171916950009174285e-01
1.324799000000000115e-01 5.205654736961439303e-51 2.881117889444921674e-04 0.000000000000000000e+00 6.264104886416919926e-02 3.078966403924157103e-01
1.355657999999999863e-01 4.234999646590576124e-49 2.838589341551280400e-04 0.000000000000000000e+00 6.225912016661421661e-02 2.990807632338810529e-01
1.387234999999999996e-01 2.584015378506649403e-47 2.477036304260871440e-04 0.000000000000000000e+00 5.434156469074877954e-02 2.906540202522448491e-01
1.419547999999999921e-01 1.208393392137226893e-45 2.469334594909766418e-04 0.000000000000000000e+00 5.392149997233248310e-02 2.828504226784387954e-01
1.452613000000000099e-01 4.473132191917372429e-44 2.558839192539786450e-04 0.000000000000000000e+00 5.591831476471013224e-02 2.792807847569609425e-01
1.486448999999999965e-01 1.392075820357976572e-42 2.482642133889731515e-04 0.000000000000000000e+00 5.319647285524845698e-02 2.919769594920973432e-01
1.521073000000000008e-01 3.547118207445407163e-41 2.514594803518768653e-04 0.000000000000000000e+00 5.337723299231648261e-02 3.097323291378596410e-01
1.556502999999999914e-01 6.615886264449530010e-40 2.567341673765921313e-04 0.000000000000000000e+00 5.355164132985713865e-02 2.936859932052434674e-01
1.592758999999999980e-01 9.555728043029856749e-39 2.622229693108645357e-04 0.000000000000000000e+00 5.371754866399965772e-02 2.598115792182195127e-01
1.629858999999999891e-01 1.226057466190640203e-37 2.679836716254310096e-04 0.000000000000000000e+00 5.389271631056111872e-02 2.430032082982007402e-01
1.667822999999999944e-01 1.386539581966576900e-36 2.740469587885469949e-04 0.000000000000000000e+00 5.414023651049296171e-02 2.357993018243099981e-01
1.706671999999999911e-01 1.354900933732514183e-35 2.812975551379393209e-04 0.000000000000000000e+00 5.448582693276202149e-02 2.295681272337665446e-01
1.746425000000000061e-01 1.215144317846523270e-34 2.916564378715541203e-04 0.000000000000000000e+00 5.490444645056653805e-02 2.234525422360358615e-01
1.787104999999999944e-01 1.020017158805846309e-33 3.028417172035360720e-04 0.000000000000000000e+00 5.545431987328284379e-02 2.173022757733779620e-01
1.828732000000000135e-01 8.013486449627233602e-33 3.207998861989067138e-04 0.000000000000000000e+00 5.589059439939599722e-02 2.110985691222271865e-01
1.871327999999999880e-01 5.899211106907884654e-32 3.425964008840026134e-04 0.000000000000000000e+00 5.632698976079586473e-02 2.049293010310725416e-01
1.914916999999999869e-01 4.080961441741427560e-31 3.715743734274097121e-04 0.000000000000000000e+00 5.673785400503718324e-02 1.989040373281094620e-01
1.959520999999999902e-01 2.664788104599790803e-30 4.130591964700216384e-04 0.000000000000000000e+00 5.699518380262252881e-02 1.929508860772643775e-01
2.005164999999999864e-01 1.656334506248723007e-29 4.562437129521671408e-04 0.000000000000000000e+00 5.726574592171644607e-02 1.870802051667637689e-01
2.051871000000000111e-01 9.933598314720942576e-29 5.013214866705110670e-04 0.000000000000000000e+00 5.738778489605796812e-02 1.814707276747471454e-01
2.099665000000000004e-01 5.844798135540681893e-28 5.472094036232284797e-04 0.000000000000000000e+00 5.751973065141743890e-02 1.761978812951590645e-01
2.148573000000000011e-01 3.433186351277306221e-27 5.891753736519343134e-04 0.000000000000000000e+00 5.762870425589727841e-02 1.713206832336503505e-01
2.198618999999999990e-01 2.042665553095213154e-26 6.262791824849075952e-04 0.000000000000000000e+00 5.773864074102453420e-02 1.670466559096453196e-01
2.249831999999999943e-01 1.237969216381411159e-25 6.267739994087549293e-04 0.000000000000000000e+00 5.784002755774100141e-02 1.634648655029692643e-01
2.302237000000000033e-01 7.602371665663128705e-25 6.182548185606170140e-04 0.000000000000000000e+00 5.790570600634362131e-02 1.604988708739490955e-01
2.355862999999999985e-01 4.668981472237466390e-24 5.984556258913294484e-04 0.000000000000000000e+00 5.786989032383482029e-02 1.580208653847103017e-01
2.410738000000000048e-01 2.822244235796293746e-23 5.943408815555883528e-04 0.000000000000000000e+00 5.774590479110967844e-02 1.558896098979087319e-01
2.466890999999999945e-01 1.655226398507418935e-22 6.434384355597596748e-04 0.000000000000000000e+00 5.751180375531796812e-02 1.539820209589037037e-01
2.524352999999999736e-01 9.328319145344212928e-22 7.399476166489720331e-04 0.000000000000000000e+00 5.720642121266961838e-02 1.522943161293407177e-01
2.583152000000000226e-01 5.038601508211428920e-21 9.038221079770929591e-04 0.000000000000000000e+00 5.684649106978795219e-02 1.512695155704773531e-01
2.643322000000000171e-01 2.699298330429395669e-20 1.267374770876788332e-03 0.000000000000000000e+00 5.647569783899522577e-02 1.564992408399524804e-01
2.704892999999999881e-01 1.518811814176790415e-19 1.744466607001229300e-03 0.000000000000000000e+00 5.611108186400692172e-02 1.785798471534576493e-01
2.767897999999999747e-01 7.741447810343446050e-19 2.286891772363252445e-03 0.000000000000000000e+00 5.583455044512630056e-02 1.935907341985849406e-01
2.832370000000000165e-01 3.098966797196024830e-18 2.999549676119851304e-03 0.000000000000000000e+00 5.561634893066763619e-02 1.725121762766868294e-01
2.898344999999999949e-01 1.126393676513292442e-17 3.886892549223138621e-03 0.000000000000000000e+00 5.548005961190929231e-02 1.457740785473166933e-01
2.965856000000000048e-01 4.345541847012611034e-17 4.870463365872286683e-03 0.000000000000000000e+00 5.551954719533925414e-02 1.362417387289296400e-01
3.034938999999999831e-01 1.671098228029302792e-16 5.541632271034612617e-03 0.000000000000000000e+00 5.573726211233712841e-02 1.319859680685074033e-01
3.105631999999999837e-01 6.189933379083119560e-16 6.505542584601105814e-03 0.000000000000000000e+00 5.620423321539902428e-02 1.278269897457140480e-01
3.177972000000000019e-01 2.206989039975509981e-15 9.065511158309468021e-03 0.000000000000000000e+00 5.693695922525539993e-02 1.234651936940238531e-01
3.251995999999999776e-01 7.592213334825337277e-15 1.019209383864365728e-02 0.000000000000000000e+00 5.796106286580070960e-02 1.190247988464105539e-01
3.327744999999999731e-01 2.002022383185592331e-14 1.082251887271924382e-02 0.000000000000000000e+00 5.936516546434626035e-02 1.145685554144233315e-01
3.405257999999999896e-01 3.400550230422648683e-14 1.152316974612301384e-02 0.000000000000000000e+00 6.097655482871404409e-02 1.101047939547881022e-01
3.484576999999999813e-01 5.231564314265815523e-14 1.270998707860628019e-02 0.000000000000000000e+00 6.305889036867766417e-02 1.057054817847858236e-01
3.565743000000000107e-01 7.591420045725378544e-14 1.305316227345103969e-02 0.000000000000000000e+00 6.201874377345964473e-02 1.013401605307857611e-01
3.648799999999999821e-01 1.082088358540054698e-13 1.614484603813972838e-02 0.000000000000000000e+00 6.759668810135155415e-02 9.704053387737264502e-02
3.733791000000000193e-01 1.567699426612087414e-13 1.706831886928713779e-02 0.000000000000000000e+00 1.052208001464646908e-01 9.282393167296491832e-02
3.820761999999999770e-01 2.366284175786146797e-13 1.468067373909153275e-02 0.000000000000000000e+00 8.313799406308293449e-02 8.867888909037514866e-02
3.909758999999999873e-01 3.779891756829445942e-13 1.733824833268584817e-02 0.000000000000000000e+00 8.889611275182017491e-02 8.464442244901951296e-02
4.000829000000000191e-01 6.432737526428345732e-13 2.911009113591544323e-02 0.000000000000000000e+00 9.432617006232137113e-02 8.074617946605523733e-02
4.094020999999999910e-01 1.165597065112888387e-12 3.507042658373620697e-02 0.000000000000000000e+00 9.726787832700033165e-02 7.702038552144543915e-02
4.189382999999999857e-01 2.234569893686579702e-12 3.553582496836311250e-02 0.000000000000000000e+00 9.877267849874736549e-02 7.349909574680435487e-02
4.286965999999999832e-01 4.485281314310589308e-12 3.906269348951237758e-02 0.000000000000000000e+00 9.602388544978508744e-02 7.019416498972221030e-02
4.386822000000000221e-01 9.308379194011205406e-12 4.621477488325472643e-02 0.000000000000000000e+00 9.919113617852155784e-02 6.712554162199915742e-02
4.489003999999999772e-01 1.984979089059720866e-11 5.358389471473079535e-02 0.000000000000000000e+00 1.005873884226911458e-01 6.477454559460470163e-02
4.593567000000000067e-01 4.592692191390424072e-11 5.863525100847157695e-02 0.000000000000000000e+00 1.007274105551219795e-01 6.751352419553995066e-02
4.700563999999999854e-01 1.231035007467469635e-10 6.096566812512300981e-02 0.000000000000000000e+00 1.000837927699298746e-01 8.216397395408492343e-02
4.810054999999999747e-01 2.930683914151030750e-10 6.469792855166653367e-02 0.000000000000000000e+00 1.053230234002039689e-01 9.045708720919908019e-02
4.922095000000000220e-01 5.098335646259811306e-10 6.438085597281525962e-02 0.000000000000000000e+00 1.177214079649680223e-01 7.473490410980745957e-02
5.036745999999999723e-01 7.992462201749312464e-10 6.271447599303899001e-02 0.000000000000000000e+00 1.343893685570721197e-01 5.747565918487984593e-02
5.154066000000000480e-01 1.430226982546653071e-09 6.094836274352067457e-02 0.000000000000000000e+00 9.443126400708438950e-02 5.229667366592499061e-02
5.274119999999999919e-01 2.627287707611093981e-09 6.880606870248473506e-02 0.000000000000000000e+00 9.559903801256079692e-02 5.068404455190585189e-02
5.396969999999999823e-01 4.681570670005070082e-09 7.263022070102460870e-02 0.000000000000000000e+00 9.263021599486508106e-02 4.939171243515197429e-02
5.522681999999999869e-01 8.085410572462157641e-09 7.496748079871398684e-02 0.000000000000000000e+00 9.282998523758037579e-02 4.822610869384566512e-02
5.651321999999999734e-01 1.359028169787202500e-08 7.777038060986028734e-02 0.000000000000000000e+00 9.225643773709110707e-02 4.717941978683332094e-02
5.782958000000000265e-01 2.234432304569441507e-08 7.837710959177664194e-02 0.000000000000000000e+00 9.251978367382676649e-02 4.624087346522086361e-02
5.917660000000000142e-01 3.613863567838225827e-08 7.991759544858507980e-02 0.000000000000000000e+00 9.316773462638076875e-02 4.539852239824467006e-02
6.055500000000000327e-01 5.834399495280221700e-08 8.700681078872835039e-02 0.000000000000000000e+00 9.310835597354159832e-02 4.503185867210478255e-02
6.196551000000000142e-01 1.029907161306469716e-07 8.648786186903657802e-02 0.000000000000000000e+00 9.252181398028622161e-02 4.913749199999463413e-02
6.340886999999999496e-01 2.198187785595519302e-07 8.454923976703417055e-02 0.000000000000000000e+00 9.167153108446793319e-02 6.485832656551461517e-02
6.488585000000000047e-01 4.142129481129861497e-07 8.928866953434762277e-02 0.000000000000000000e+00 9.075611341441847113e-02 7.523889055158974881e-02
6.639724000000000181e-01 5.516570027923806164e-07 9.261709194373891896e-02 0.000000000000000000e+00 8.968546589211397191e-02 6.115786430750121822e-02
6.794383000000000505e-01 6.605927042160274711e-07 9.354700361292270228e-02 0.000000000000000000e+00 8.853266681854575493e-02 4.417747107273570228e-02
6.952644000000000046e-01 9.838074025678631354e-07 9.621705287160040032e-02 0.000000000000000000e+00 8.734239502598835359e-02 3.915361384974951064e-02
7.114591999999999583e-01 1.617785824791901507e-06 9.432920111051115719e-02 0.000000000000000000e+00 8.597930983507104385e-02 3.777816825698711994e-02
7.280311999999999895e-01 2.710065052488947616e-06 9.714557638459363209e-02 0.000000000000000000e+00 8.463302686933849017e-02 3.664043283869190815e-02
7.449892999999999654e-01 4.594077808816697048e-06 1.059857249916059674e-01 0.000000000000000000e+00 8.334008033593132136e-02 3.556144115033241238e-02
7.623423000000000282e-01 7.861316056894080784e-06 1.050308443627495231e-01 0.000000000000000000e+00 8.200569744109105497e-02 3.457356434208602031e-02
7.800994999999999457e-01 1.352500533155238583e-05 1.010163393123699183e-01 0.000000000000000000e+00 8.079722497147732996e-02 3.369972393108607023e-02
7.982704000000000466e-01 2.326050187472694837e-05 1.002595036642996984e-01 0.000000000000000000e+00 7.963145548167160914e-02 3.294372302055346979e-02
8.168644999999999934e-01 3.970447217435393525e-05 1.074683736514537996e-01 0.000000000000000000e+00 7.852633909597526995e-02 3.230329651586211909e-02
8.358917000000000153e-01 6.670555152358078515e-05 1.092475255475195833e-01 0.000000000000000000e+00 7.754309170244598481e-02 3.177202518654021618e-02
8.553621000000000141e-01 1.092649369144418924e-04 1.069751149450154371e-01 0.000000000000000000e+00 7.667812348714600490e-02 3.134095754701268083e-02
8.752860999999999558e-01 1.727426292518900220e-04 1.159577019710067436e-01 0.000000000000000000e+00 7.588399647869870090e-02 3.100766805905983206e-02
8.956741000000000286e-01 2.607277113348949443e-04 1.174139286551389993e-01 0.000000000000000000e+00 7.515329546372831460e-02 3.076876585668738076e-02
9.165370000000000461e-01 3.777447433770501363e-04 1.210089793039185874e-01 0.000000000000000000e+00 7.440915920064580802e-02 3.061282684888442379e-02
9.378859000000000501e-01 5.390879928844674032e-04 1.160207293220913843e-01 0.000000000000000000e+00 7.368365113615062134e-02 3.053550580072038334e-02
9.597320999999999769e-01 7.612152317183466408e-04 1.180465192896426874e-01 0.000000000000000000e+00 7.309664368924771727e-02 3.053195706029324802e-02
9.820870999999999906e-01 1.063648934520725715e-03 1.211099891566543990e-01 0.000000000000000000e+00 7.266294099148033758e-02 3.059161653600697348e-02
1.004963000000000051e+00 1.470784588288138192e-03 1.267797836251894350e-01 0.000000000000000000e+00 7.108981047153403732e-02 3.070201157179748563e-02
1.028370999999999924e+00 2.012879436566565421e-03 1.270973949500248945e-01 0.000000000000000000e+00 6.908586525753228347e-02 3.085421912303537573e-02
1.052324999999999955e+00 2.727851479700395178e-03 1.251938654692980046e-01 0.000000000000000000e+00 6.663557495420034671e-02 3.105114372605787681e-02
1.076837000000000044e+00 3.661617601986688186e-03 1.226908882499073428e-01 0.000000000000000000e+00 6.338911341451639037e-02 3.128912111982518063e-02
1.101920000000000011e+00 4.869133054517751739e-03 1.200941745919219122e-01 0.000000000000000000e+00 6.127316002271394196e-02 3.156223569099858572e-02
1.127586999999999895e+00 6.417568264849948627e-03 1.185131885010814734e-01 0.000000000000000000e+00 5.927110719168997288e-02 3.187496034708778292e-02
1.153852000000000100e+00 8.390050495546285889e-03 1.185430596755333577e-01 0.000000000000000000e+00 5.734630497595850918e-02 3.224149213491304955e-02
1.180728000000000000e+00 1.088836814549750363e-02 1.164135825648278111e-01 0.000000000000000000e+00 5.532625690014781467e-02 3.267683341281638759e-02
1.208231000000000055e+00 1.403176055149653670e-02 1.154869071212495935e-01 0.000000000000000000e+00 5.347653075035877640e-02 3.318360532499025489e-02
1.236374000000000084e+00 1.796177342273545807e-02 1.153370644608904677e-01 0.000000000000000000e+00 5.205006349921381670e-02 3.376449604678099375e-02
1.265173000000000103e+00 2.284408962048983804e-02 1.137782646514610141e-01 0.000000000000000000e+00 5.026598978440966620e-02 3.442016519357627563e-02
1.294642999999999988e+00 2.887169062070617936e-02 1.127469196787221767e-01 0.000000000000000000e+00 4.828973957322810900e-02 3.515083795777464160e-02
1.324799000000000060e+00 3.627308814917191981e-02 1.109704939749009966e-01 0.000000000000000000e+00 4.714190096213193015e-02 3.596180357746326522e-02
1.355658000000000030e+00 4.532333184027560052e-02 1.090394284828007376e-01 0.000000000000000000e+00 4.604365898478596925e-02 3.686537964126686273e-02
1.387234999999999996e+00 5.633938776042550500e-02 1.069742761552066879e-01 0.000000000000000000e+00 4.520271455651412446e-02 3.786842896400201969e-02
1.419548000000000032e+00 6.968082600011674121e-02 1.036196565350166049e-01 0.000000000000000000e+00 4.408772457534341355e-02 3.897276534249789065e-02
1.452612999999999932e+00 8.576254089727441965e-02 1.050673083752089038e-01 0.000000000000000000e+00 4.328366906640303269e-02 4.018214517875477038e-02
1.486448999999999909e+00 1.050541291417600998e-01 1.056866905055498379e-01 0.000000000000000000e+00 4.262149546766900304e-02 4.149876939568822309e-02
1.521072999999999897e+00 1.280684817574505308e-01 1.103967599030394042e-01 0.000000000000000000e+00 4.244451621175261008e-02 4.291885867687052214e-02
1.556502999999999970e+00 1.553972585888966640e-01 1.108326120381535468e-01 0.000000000000000000e+00 4.153517840634277786e-02 4.444594139708189090e-02
1.592759000000000036e+00 1.876838331036179697e-01 1.080400351536520837e-01 0.000000000000000000e+00 3.935514662991441287e-02 4.607898752719289531e-02
1.629858999999999947e+00 2.255914536733334697e-01 1.099175921482795082e-01 0.000000000000000000e+00 3.901821216674038195e-02 4.780786211789828793e-02
1.667823000000000055e+00 2.697604872615195770e-01 1.102517178035915951e-01 0.000000000000000000e+00 3.771278869054833088e-02 4.961135829120531110e-02
1.706671999999999967e+00 3.208794760074833996e-01 1.084490303108035653e-01 0.000000000000000000e+00 3.650316025767883638e-02 5.147681536984140965e-02
1.746424999999999894e+00 3.796713502138178153e-01 1.024387557340073751e-01 0.000000000000000000e+00 3.463715007003637103e-02 5.339539580741156644e-02
1.787104999999999944e+00 4.467885778137890562e-01 9.519662067843387421e-02 0.000000000000000000e+00 3.326565511776023026e-02 5.534839281821662960e-02
1.828732000000000024e+00 5.227205573733130217e-01 8.885912253967802321e-02 0.000000000000000000e+00 3.153332169138210045e-02 5.730394170941930515e-02
1.871328000000000102e+00 6.079241797871353103e-01 8.357879821903010931e-02 0.000000000000000000e+00 2.982174483015080299e-02 5.923908252441137390e-02
1.914916999999999980e+00 7.028393099719585368e-01 7.983788000731176226e-02 0.000000000000000000e+00 2.851722390489121878e-02 6.113932708820335460e-02
1.959521000000000068e+00 8.076913767674910316e-01 7.522115522662260745e-02 0.000000000000000000e+00 2.699941704588328453e-02 6.298102480158217220e-02
2.005164999999999864e+00 9.229639134822007485e-01 7.167696901625546235e-02 0.000000000000000000e+00 2.593643871994930766e-02 6.477051316929359481e-02
2.051870999999999778e+00 1.049290287491301710e+00 6.939504728421819202e-02 0.000000000000000000e+00 2.476774746603038410e-02 6.652461539188368744e-02
2.099664999999999893e+00 1.187453067583103872e+00 6.743377669839815958e-02 0.000000000000000000e+00 2.359044054440431401e-02 6.826567934817863448e-02
2.148572999999999844e+00 1.337943150807120674e+00 6.541358942292828382e-02 0.000000000000000000e+00 2.254626230892220820e-02 6.999541481350168848e-02
2.198618999999999879e+00 1.501005495230755216e+00 6.272212776161117942e-02 0.000000000000000000e+00 2.141922731615088227e-02 7.170519425093353771e-02
2.249832000000000054e+00 1.676583736400180547e+00 5.993531344167914859e-02 0.000000000000000000e+00 2.042096322388956692e-02 7.337805245758055595e-02
2.302236999999999867e+00 1.864102430567616153e+00 5.227826487920750331e-02 0.000000000000000000e+00 1.830905012381285266e-02 7.498376255335638396e-02
2.355862999999999818e+00 2.064326115099423209e+00 4.527411723969430174e-02 0.000000000000000000e+00 1.616875323503005543e-02 7.655364054053702405e-02
2.410737999999999825e+00 2.277050042115743356e+00 4.103880728488819296e-02 0.000000000000000000e+00 1.496179870770327977e-02 7.807917795658583793e-02
2.466890999999999945e+00 2.500966544240701417e+00 3.596271489145418110e-02 0.000000000000000000e+00 1.421824872916178234e-02 7.952138185472806819e-02
2.524353000000000069e+00 2.735267015984650385e+00 3.150902469746488799e-02 0.000000000000000000e+00 1.386543151948669075e-02 8.086905032217606148e-02
2.583152000000000115e+00 2.979296487025780760e+00 3.152251743832348158e-02 0.000000000000000000e+00 1.335651587917895122e-02 8.212070956802512700e-02
2.643321999999999949e+00 3.232642667238885270e+00 3.095257670145597217e-02 0.000000000000000000e+00 1.292462452497602013e-02 8.328388114068677184e-02
2.704893000000000214e+00 3.494838779264365147e+00 3.023582208796791321e-02 0.000000000000000000e+00 1.257750434184390365e-02 8.436499753693835202e-02
2.767898000000000192e+00 3.766507009591112176e+00 2.920672785585536751e-02 0.000000000000000000e+00 1.213884067071463631e-02 8.539542161355395677e-02
2.832370000000000054e+00 4.048004269365130803e+00 2.811806801648400814e-02 0.000000000000000000e+00 1.169258654896302915e-02 8.639502649103070198e-02
2.898344999999999949e+00 4.339946593145245224e+00 2.687515819265167902e-02 0.000000000000000000e+00 1.120534627467622418e-02 8.738550089151662925e-02
2.965856000000000048e+00 4.644540461503336992e+00 2.560454665978954131e-02 0.000000000000000000e+00 1.070407676385694458e-02 8.841489535773645880e-02
3.034939000000000053e+00 4.962562746721951967e+00 2.450377238312643688e-02 0.000000000000000000e+00 1.016347984909240880e-02 8.949594702559331150e-02
3.105631999999999948e+00 5.292613544420224692e+00 2.363406794051247165e-02 0.000000000000000000e+00 9.642313514781843467e-03 9.060181753439526531e-02
3.177972000000000019e+00 5.633215965301932471e+00 2.270777988161244709e-02 0.000000000000000000e+00 9.168260211993586872e-03 9.170987270036745631e-02
3.251996000000000109e+00 5.984025202602707871e+00 2.177612091107984996e-02 0.000000000000000000e+00 1.032271206186416088e-02 9.281959882461246480e-02
3.327745000000000175e+00 6.340920641178199091e+00 2.074721073713885547e-02 0.000000000000000000e+00 1.240528916055536925e-02 9.387499213174872736e-02
3.405257999999999896e+00 6.699953777570221369e+00 1.965302979214518866e-02 0.000000000000000000e+00 9.657539277428912883e-03 9.483259454095722962e-02
3.484576999999999813e+00 7.056497148729048874e+00 1.855052385463848777e-02 0.000000000000000000e+00 8.621384428201572456e-03 9.564743245319912157e-02
3.565742999999999885e+00 7.408074763654581396e+00 1.743048535198038484e-02 0.000000000000000000e+00 7.165995111804943432e-03 9.631015234941454894e-02
3.648800000000000043e+00 7.753284407778267884e+00 1.632757270164287081e-02 0.000000000000000000e+00 6.618731004554357852e-03 9.682652395789789757e-02
3.733791000000000082e+00 8.090910787927260372e+00 1.519572191819515763e-02 0.000000000000000000e+00 6.236211545930904834e-03 9.720381302431234383e-02
3.820762000000000214e+00 8.421511334402099536e+00 1.419683965464176717e-02 0.000000000000000000e+00 5.953846073077626901e-03 9.746875461969624344e-02
3.909759000000000206e+00 8.747342373769138035e+00 1.317572762585198995e-02 0.000000000000000000e+00 5.665893171206177678e-03 9.766319832200252848e-02
4.000829000000000413e+00 9.071679917627138323e+00 1.217121143944980763e-02 0.000000000000000000e+00 5.373792090383484182e-03 9.783414429523920597e-02
4.094020999999999688e+00 9.400843467780513052e+00 1.129521036367495991e-02 0.000000000000000000e+00 5.134134632092420339e-03 9.805398708826947030e-02
4.189383000000000301e+00 9.741676374509067315e+00 1.049125123692337680e-02 0.000000000000000000e+00 4.918999765702651746e-03 9.839107174429542746e-02
4.286965999999999610e+00 1.009917695226783962e+01 9.481271941269060408e-03 0.000000000000000000e+00 4.587597461102077209e-03 9.888722165347772763e-02
4.386822000000000443e+00 1.047694488526138556e+01 8.211799676052242494e-03 0.000000000000000000e+00 4.060923058382673832e-03 9.956602858541910295e-02
4.489004000000000438e+00 1.087716190307038922e+01 7.412816164496146762e-03 0.000000000000000000e+00 3.782534624966868344e-03 1.004353841622292604e-01
4.593567000000000178e+00 1.130174825716234999e+01 6.904462546559361237e-03 0.000000000000000000e+00 3.679820373855078718e-03 1.015001104376001967e-01
4.700563999999999965e+00 1.175139289386230601e+01 6.531300890294083547e-03 0.000000000000000000e+00 3.669050033730437369e-03 1.027539461282479250e-01
4.810055000000000192e+00 1.222372490864563410e+01 6.153380692488223842e-03 0.000000000000000000e+00 3.685153568122253274e-03 1.041654253755340542e-01
4.922094999999999665e+00 1.271189169939394326e+01 5.760666138107365178e-03 0.000000000000000000e+00 3.693927157719500715e-03 1.056691647267040540e-01
5.036745999999999945e+00 1.320959217915670436e+01 5.408038426794713714e-03 0.000000000000000000e+00 3.721074131066801072e-03 1.072106556726016846e-01
5.154066000000000258e+00 1.371231326315441379e+01 5.069120608200822047e-03 0.000000000000000000e+00 3.782869669319747098e-03 1.087546477471985767e-01
5.274119999999999919e+00 1.421148245870709381e+01 4.760259827676894227e-03 0.000000000000000000e+00 3.885641234979366702e-03 1.102375076724533692e-01
5.396969999999999601e+00 1.470200749133190854e+01 4.467601239444703512e-03 0.000000000000000000e+00 4.006410543573612516e-03 1.116273540494834848e-01
5.522681999999999647e+00 1.518071599347459255e+01 4.190135190680635557e-03 0.000000000000000000e+00 4.147153978970188545e-03 1.129089954054935535e-01
5.651322000000000401e+00 1.564380808744238394e+01 3.922703024286456133e-03 0.000000000000000000e+00 4.295796315716058494e-03 1.140635965243171068e-01
5.782957999999999821e+00 1.608797561576663071e+01 3.674392457447992096e-03 0.000000000000000000e+00 4.452978512946021393e-03 1.150769670740619116e-01
5.917659999999999698e+00 1.651282611832633052e+01 3.427554113963748785e-03 0.000000000000000000e+00 4.620014855303259185e-03 1.159560846105242155e-01
6.055500000000000327e+00 1.691899488633788806e+01 3.201105037725011145e-03 0.000000000000000000e+00 8.635398118784286953e-03 1.167141482469949421e-01
6.196551000000000364e+00 1.730578671082765752e+01 2.995236273277016980e-03 0.000000000000000000e+00 2.630242432349121431e-02 1.173540745348621295e-01
6.340887000000000384e+00 1.767224855197304123e+01 2.800616666814118808e-03 0.000000000000000000e+00 1.326104593928061938e-02 1.178765339955424873e-01
6.488584999999999603e+00 1.801788264440118681e+01 2.620738743898373083e-03 0.000000000000000000e+00 5.419360953694363735e-03 1.182848175363206550e-01
6.639724000000000181e+00 1.834009559549028623e+01 2.453030878575600000e-03 0.000000000000000000e+00 5.611862631374424544e-03 1.185681476048418698e-01
6.794382999999999839e+00 1.863455608854274814e+01 2.294414411124952487e-03 0.000000000000000000e+00 5.820006693268497261e-03 1.187050004888932087e-01
6.952644000000000268e+00 1.889835018575529446e+01 2.146322908147937046e-03 0.000000000000000000e+00 6.048034315926102862e-03 1.186836493438093304e-01
7.114592000000000027e+00 1.913453275128177467e+01 2.006339273210804887e-03 0.000000000000000000e+00 6.560468867406153703e-03 1.185296259532141322e-01
7.280312000000000339e+00 1.934860959747291886e+01 1.874121936030901736e-03 0.000000000000000000e+00 1.307535332928114365e-02 1.182817370203653740e-01
7.449893000000000320e+00 1.954522303226617552e+01 1.748990062843921653e-03 0.000000000000000000e+00 1.908140280817392440e-02 1.179713034669336164e-01
7.623422999999999838e+00 1.973497438299154538e+01 1.633656413791900307e-03 0.000000000000000000e+00 2.424368397516585283e-02 1.176634185416338130e-01
7.800995000000000346e+00 1.993436757501127587e+01 1.525198426371053226e-03 0.000000000000000000e+00 2.237827669934918176e-02 1.174547297184462269e-01
7.982704000000000022e+00 2.015207063087299488e+01 1.423647529732956392e-03 0.000000000000000000e+00 1.964608750132215698e-02 1.173918162099548967e-01
8.168644999999999712e+00 2.039180484260853277e+01 1.329493542934961046e-03 0.000000000000000000e+00 1.432238415663610910e-02 1.174908511100992564e-01
8.358916999999999931e+00 2.065869006117850759e+01 1.241737893367269403e-03 0.000000000000000000e+00 8.545799132449474755e-03 1.177755084360569832e-01
8.553620999999999697e+00 2.095944196423796768e+01 1.160572513919066713e-03 0.000000000000000000e+00 8.679952553809239246e-03 1.182777393767773522e-01
8.752860999999999336e+00 2.129394958925908909e+01 1.084914797196472437e-03 0.000000000000000000e+00 8.930057055680272818e-03 1.189903642919323268e-01
8.956740999999999175e+00 2.165561230988960517e+01 1.014242030175089475e-03 0.000000000000000000e+00 8.501387090681914241e-03 1.198708619107954204e-01
9.165369999999999351e+00 2.203251498877887471e+01 9.484559301188423639e-04 0.000000000000000000e+00 8.192909425965703638e-03 1.208493961303955672e-01
9.378859000000000279e+00 2.240868692506732174e+01 8.870891703453456616e-04 0.000000000000000000e+00 8.108063264986937330e-03 1.218367443503705905e-01
9.597321000000000879e+00 2.276521044756641743e+01 8.294472858520211735e-04 0.000000000000000000e+00 8.164020652596538571e-03 1.227309170745033151e-01
9.820871000000000350e+00 2.308962876821855659e+01 7.698647749294039444e-04 0.000000000000000000e+00 8.200119475552894444e-03 1.234677699240289278e-01
1.004963000000000051e+01 2.337774002211197200e+01 7.089818857953692583e-04 0.000000000000000000e+00 8.019587110169784649e-03 1.240288047235745261e-01
1.028370999999999924e+01 2.362158911943275896e+01 6.615059103651118027e-04 0.000000000000000000e+00 8.000522158669740036e-03 1.243760801954682943e-01
1.052325000000000088e+01 2.381817771069203715e+01 6.162837663217809016e-04 0.000000000000000000e+00 8.023381700331368854e-03 1.244984149384529698e-01
1.076837000000000089e+01 2.396509440057366547e+01 5.741514518344604297e-04 0.000000000000000000e+00 8.047564863091952181e-03 1.243876968255116650e-01
1.101919999999999966e+01 2.406237111946046525e+01 5.348989069728540390e-04 0.000000000000000000e+00 1.087985215061661876e-02 1.240483374200615357e-01
1.127586999999999939e+01 2.410550009995308329e+01 4.983297196702299228e-04 0.000000000000000000e+00 2.665671173337546065e-02 1.234610944186956966e-01
1.153852000000000011e+01 2.410284010374871499e+01 4.642604582146020887e-04 0.000000000000000000e+00 1.583656422454082086e-02 1.226724244502633010e-01
1.180728000000000044e+01 2.411127472359463653e+01 4.325174032327642288e-04 0.000000000000000000e+00 8.111751955748650739e-03 1.219728569123982032e-01
1.208230999999999966e+01 2.416435685876824024e+01 4.029437413436170361e-04 0.000000000000000000e+00 8.156401140508277511e-03 1.215285964793286627e-01
1.236373999999999995e+01 2.430078963187023788e+01 3.753912006359433362e-04 0.000000000000000000e+00 8.207328952968974412e-03 1.215279785790378264e-01
1.265173000000000059e+01 2.453831809276112352e+01 3.497176380611154850e-04 0.000000000000000000e+00 8.300183297083879239e-03 1.220512954429889135e-01
1.294642999999999944e+01 2.486083050854561804e+01 3.257978412533822882e-04 0.000000000000000000e+00 8.384833949926834631e-03 1.230101001229684243e-01
1.324798999999999971e+01 2.527289745181612801e+01 3.035101189458010705e-04 0.000000000000000000e+00 8.461886800962775332e-03 1.244200620961892767e-01
1.355658000000000030e+01 2.585001122840180798e+01 2.827435212577942658e-04 0.000000000000000000e+00 8.532170060847667561e-03 1.266444160124204632e-01
1.387235000000000085e+01 2.668024715542636471e+01 2.633934993775017565e-04 0.000000000000000000e+00 8.596851095760197486e-03 1.301013732131208744e-01
1.419547999999999988e+01 2.788457891742088890e+01 2.453641945824996669e-04 0.000000000000000000e+00 8.657338702682298298e-03 1.353620248075611265e-01
1.452613000000000021e+01 2.943347677098126525e+01 2.285656270205073382e-04 0.000000000000000000e+00 8.715329884295807544e-03 1.422611581588042184e-01
1.486448999999999998e+01 3.112325621354024463e+01 2.129144504527796789e-04 0.000000000000000000e+00 8.773024880889579089e-03 1.497995589826706664e-01
1.521072999999999986e+01 3.269571376253119155e+01 1.983332761162332576e-04 0.000000000000000000e+00 8.833586162671996575e-03 1.567340190042086356e-01
1.556503000000000014e+01 3.395636727475860539e+01 1.847486633084271601e-04 0.000000000000000000e+00 8.914071287685097073e-03 1.621453166053375139e-01
1.592759000000000036e+01 3.487118932569942586e+01 1.720943114355323340e-04 0.000000000000000000e+00 9.122452253614096382e-03 1.658907470958092822e-01
1.629859000000000080e+01 3.546004758808703627e+01 1.603070850533246485e-04 0.000000000000000000e+00 9.374737126839647466e-03 1.680839221409555495e-01
1.667822999999999922e+01 3.569738142584946416e+01 1.493292099838189270e-04 0.000000000000000000e+00 9.651657631785248367e-03 1.686210382894424153e-01
1.706672000000000011e+01 3.550800373245407826e+01 1.391064534717549172e-04 0.000000000000000000e+00 9.961269721996427948e-03 1.671649422902773685e-01
1.746424999999999983e+01 3.482756571308437543e+01 1.295890781888734756e-04 0.000000000000000000e+00 1.030885796440290589e-02 1.634325726540074297e-01
1.787105000000000032e+01 3.366353180611108087e+01 1.207308845059284385e-04 0.000000000000000000e+00 1.069158408844234423e-02 1.574790554764315675e-01
1.828732000000000113e+01 3.201973658234909692e+01 1.124891597684851577e-04 0.000000000000000000e+00 1.109601500996975146e-02 1.493405413844267615e-01
1.871328000000000102e+01 3.010324019902437342e+01 1.048228230610900608e-04 0.000000000000000000e+00 1.150517401721169904e-02 1.399965971121617525e-01
1.914917000000000158e+01 2.821945430357959950e+01 9.769321428536298759e-05 0.000000000000000000e+00 1.194654461237004868e-02 1.308708175253615880e-01
1.959521000000000157e+01 2.672362198181465587e+01 9.106292796781695787e-05 0.000000000000000000e+00 1.244130124578096339e-02 1.236014395887984896e-01
2.005164999999999864e+01 2.589181487834895279e+01 8.489654778032486543e-05 0.000000000000000000e+00 1.290166345520687464e-02 1.194447708058292007e-01
2.051870999999999867e+01 2.598760685967794970e+01 7.916052015231647677e-05 0.000000000000000000e+00 1.332263612135399164e-02 1.195881823510068498e-01
2.099664999999999893e+01 2.701112936160265221e+01 7.382399004411621614e-05 0.000000000000000000e+00 1.368551602279837257e-02 1.239999328178040400e-01
2.148573000000000022e+01 2.890136751389778880e+01 6.885702328885753159e-05 0.000000000000000000e+00 1.397254810662979137e-02 1.323706792336872828e-01
2.198619000000000057e+01 3.162835670165380009e+01 6.423268756398911919e-05 0.000000000000000000e+00 1.418347817182829922e-02 1.445377588702459193e-01
2.249831999999999965e+01 3.507104277621161970e+01 5.992548706820406722e-05 0.000000000000000000e+00 1.438133990693320555e-02 1.599263058090719947e-01
2.302236999999999867e+01 3.897505910504964532e+01 5.591238747620197848e-05 0.000000000000000000e+00 1.444706848672834727e-02 1.773611590468126553e-01
2.355863000000000085e+01 4.304726361858609351e+01 5.217181180136890392e-05 0.000000000000000000e+00 1.433206613163366151e-02 1.955016963472396840e-01
2.410737999999999914e+01 4.706917865605942097e+01 4.868421616613537628e-05 0.000000000000000000e+00 1.407612693714580671e-02 2.133567505489511185e-01
2.466891000000000034e+01 5.089996794975677830e+01 4.543163530161537086e-05 0.000000000000000000e+00 1.374964728385261702e-02 2.302939140697030929e-01
2.524352999999999980e+01 5.442035725490453757e+01 4.239750013426328248e-05 0.000000000000000000e+00 1.342497978397515224e-02 2.457824189701878770e-01
2.583152000000000115e+01 5.758178940673722934e+01 3.956669229995123945e-05 0.000000000000000000e+00 1.317560477224962064e-02 2.596135044916509371e-01
2.643321999999999861e+01 6.036086438524226594e+01 3.692529668740151042e-05 0.000000000000000000e+00 1.314058237899036301e-02 2.716923854346893763e-01
2.704892999999999859e+01 6.274643821890747830e+01 3.446046944202160414e-05 0.000000000000000000e+00 1.323872361942294781e-02 2.819792786143409669e-01
2.767897999999999925e+01 6.473421835180400308e+01 3.216029406668878229e-05 0.000000000000000000e+00 1.342762506320769982e-02 2.904647122163978579e-01
2.832369999999999877e+01 6.630649805019835696e+01 3.001368130974808187e-05 0.000000000000000000e+00 1.370353031327949285e-02 2.970785182322964735e-01
2.898345000000000127e+01 6.744899533090200805e+01 2.801039694973773286e-05 0.000000000000000000e+00 1.405237229892086770e-02 3.017656333545465364e-01
2.965856000000000137e+01 6.811117263484779016e+01 2.608274777064688120e-05 0.000000000000000000e+00 1.441269433628829949e-02 3.043087089813005797e-01
