3.034939000000000039e-02 0.000000000000000000e+00 1.280122596589187517e-11 0.000000000000000000e+00 4.482449415095687323e-12 1.215349027935271601e-16
3.105631999999999837e-02 0.000000000000000000e+00 1.326782277844377654e-11 0.000000000000000000e+00 4.851819561452569998e-12 5.973331653749870108e-16
3.177971999999999742e-02 0.000000000000000000e+00 1.368986047605992478e-11 0.000000000000000000e+00 4.931509460755346386e-12 2.622848228288945249e-15
3.251996000000000053e-02 0.000000000000000000e+00 1.415465578241147465e-11 0.000000000000000000e+00 5.238477281697584638e-12 1.035015003195831206e-14
3.327745000000000009e-02 0.000000000000000000e+00 1.455619837933923721e-11 0.000000000000000000e+00 5.370316892776762743e-12 3.707098004919387756e-14
3.405257999999999896e-02 0.000000000000000000e+00 1.491009565707051568e-11 0.000000000000000000e+00 5.352547048002864258e-12 1.213442531974901552e-13
3.484576999999999813e-02 0.000000000000000000e+00 1.530922483226646909e-11 0.000000000000000000e+00 5.651377891263564037e-12 3.652681527285799637e-13
3.565742999999999691e-02 0.000000000000000000e+00 1.598712613804727060e-11 0.000000000000000000e+00 7.832192594392543696e-12 1.016071283531116403e-12
3.648799999999999960e-02 0.000000000000000000e+00 1.690722306732418082e-11 0.000000000000000000e+00 1.170555245206949496e-11 2.621805825958061069e-12
3.733791000000000193e-02 0.000000000000000000e+00 1.733526814367998030e-11 0.000000000000000000e+00 1.252189040404298085e-11 6.322306674442590174e-12
3.820761999999999770e-02 0.000000000000000000e+00 1.733134008989588017e-11 0.000000000000000000e+00 1.104704405937997255e-11 1.431697860930827419e-11
3.909759000000000151e-02 0.000000000000000000e+00 1.795148175519532510e-11 0.000000000000000000e+00 1.372608669477243688e-11 3.057887728053889660e-11
4.000829000000000191e-02 0.000000000000000000e+00 1.885463633777506303e-11 0.000000000000000000e+00 1.832996835051573010e-11 6.179981603782300761e-11
4.094020999999999771e-02 0.000000000000000000e+00 1.936661080011830144e-11 0.000000000000000000e+00 2.057907399560354813e-11 1.184586806477235568e-10
4.189382999999999996e-02 0.000000000000000000e+00 1.934719723326784128e-11 0.000000000000000000e+00 1.957927144531844820e-11 2.165744394600476566e-10
4.286965999999999694e-02 0.000000000000000000e+00 1.931867783145519410e-11 0.000000000000000000e+00 1.861561326063632002e-11 3.789531287601026401e-10
4.386821999999999944e-02 5.361565310008352769e-317 1.976683659818822835e-11 0.000000000000000000e+00 2.090539313372073683e-11 6.365353928976864724e-10
4.489003999999999911e-02 2.063146600114642792e-295 1.997381101348960596e-11 0.000000000000000000e+00 2.209970485231117091e-11 1.028573425138170338e-09
4.593566999999999789e-02 2.325803807042390578e-275 1.970302943963249907e-11 0.000000000000000000e+00 2.030076086411504401e-11 1.601138263998247406e-09
4.700564000000000131e-02 9.893262926228925090e-257 1.973070374748040793e-11 0.000000000000000000e+00 2.068849548074302125e-11 2.411338988931179993e-09
4.810054999999999886e-02 1.998802040208732775e-239 1.990688854469835164e-11 0.000000000000000000e+00 2.225345669052519143e-11 3.521800793104449352e-09
4.922094999999999942e-02 2.375884690150904919e-223 1.972824033827701517e-11 0.000000000000000000e+00 2.117748095418594072e-11 4.998688332971708428e-09
5.036746000000000278e-02 2.026534316978033463e-208 1.991912897955653044e-11 0.000000000000000000e+00 2.383359420898599947e-11 6.904028588318478627e-09
5.154066000000000203e-02 1.491362984315090769e-194 2.076534781516824607e-11 0.000000000000000000e+00 3.522991487112022653e-11 9.285280127446099270e-09
5.274120000000000197e-02 1.126839952557037737e-181 2.025372023416251726e-11 0.000000000000000000e+00 3.277700527024070608e-11 1.219770214844621033e-08
5.396970000000000239e-02 1.026381013032574990e-169 1.924563439920474821e-11 0.000000000000000000e+00 2.749590551344662577e-11 1.567542736994177557e-08
5.522682000000000285e-02 1.308358078334435769e-158 1.902418722786130696e-11 0.000000000000000000e+00 2.886432122064954398e-11 1.973209555982321062e-08
5.651322000000000290e-02 2.680384031824269775e-148 1.971501413393975203e-11 0.000000000000000000e+00 3.698491178869153267e-11 2.434674418633626412e-08
5.782957999999999849e-02 1.003327919021231529e-138 1.963218592926048285e-11 0.000000000000000000e+00 3.832948001393163636e-11 2.945301623771103274e-08
5.917660000000000281e-02 7.748552924405115034e-130 1.909182164721660698e-11 0.000000000000000000e+00 3.671290138545052917e-11 3.501530252031157051e-08
6.055499999999999772e-02 1.380731495266892470e-121 1.804947735016220054e-11 0.000000000000000000e+00 3.204007021420613083e-11 4.095214579839767028e-08
6.196551000000000142e-02 6.298840634298661055e-114 1.823210034996987297e-11 0.000000000000000000e+00 3.808999600646010487e-11 4.715985708729956735e-08
6.340887000000000606e-02 8.100294157590729581e-107 1.792674750169427864e-11 0.000000000000000000e+00 3.922507324322431243e-11 5.349786420390668807e-08
6.488584999999999492e-02 3.210342784708497347e-100 1.752165301607112317e-11 0.000000000000000000e+00 3.907009090493913875e-11 5.978194896146837778e-08
6.639723999999999626e-02 4.267448222022254254e-94 1.703868211655692656e-11 0.000000000000000000e+00 3.898465517550436737e-11 6.592083183635038696e-08
6.794382999999999673e-02 2.056543362142252405e-88 1.652835107738564600e-11 0.000000000000000000e+00 3.883890794865775383e-11 7.177953707989970422e-08
6.952643999999999491e-02 3.862226127514163707e-83 1.591394586392077246e-11 0.000000000000000000e+00 3.803509251223018148e-11 7.722414097427343800e-08
7.114592000000000138e-02 3.021694276404898682e-78 1.531114074535575018e-11 0.000000000000000000e+00 3.770017513305768896e-11 8.209629226850054696e-08
7.280311999999999895e-02 1.047586947027377872e-73 1.514642616352789017e-11 0.000000000000000000e+00 4.150570962821304237e-11 8.622321013779341205e-08
7.449893000000000487e-02 1.706851746312422519e-69 1.437573859812621810e-11 0.000000000000000000e+00 3.970329613765666920e-11 8.957553053056945721e-08
7.623423000000000005e-02 1.379333296482662705e-65 1.338807583616536474e-11 0.000000000000000000e+00 3.635821919785574478e-11 9.208325207167738948e-08
7.800994999999999457e-02 5.811700778196780631e-62 1.275035297957144010e-11 0.000000000000000000e+00 3.604278182093212434e-11 9.369003854045905271e-08
7.982704000000000188e-02 1.337006122678272070e-58 1.221964262591990938e-11 0.000000000000000000e+00 3.617568922728705107e-11 9.433964899516376645e-08
8.168644999999999379e-02 1.752586792207399511e-55 1.164788130284521352e-11 0.000000000000000000e+00 3.584504592528898966e-11 9.398452137482891429e-08
8.358917000000000430e-02 1.363369912494353127e-52 1.058827974544353340e-11 0.000000000000000000e+00 3.077628134335677979e-11 9.271037109314044117e-08
8.553621000000000141e-02 6.532549095570428286e-50 1.016500941894328601e-11 0.000000000000000000e+00 3.275305595644534435e-11 9.056591572810298459e-08
8.752861000000000669e-02 1.995534214306755732e-47 9.525221120883070313e-12 0.000000000000000000e+00 3.218138971325946923e-11 8.761765072680913902e-08
8.956741000000000008e-02 4.011762529372944833e-45 8.785167889611598848e-12 0.000000000000000000e+00 3.062932471988156035e-11 8.393043019614861990e-08
9.165370000000000461e-02 1.314071073188204271e-36 2.212280038228145050e-05 0.000000000000000000e+00 1.116261553906016632e-04 1.913225225898566861e-01
9.378859000000000501e-02 1.247219545729450088e-34 3.321581941209718878e-05 0.000000000000000000e+00 3.321066827569157096e-04 1.795543488165957935e-01
9.597321000000000324e-02 8.492969630881598229e-33 3.756949332167245845e-05 0.000000000000000000e+00 4.638722499663035627e-04 1.674364694066919346e-01
9.820871000000000461e-02 4.245036298370941545e-31 2.746330994131435137e-05 0.000000000000000000e+00 3.006119992797966038e-04 1.549984441593671713e-01
1.004962999999999967e-01 1.590254894908666662e-29 3.088197666424751420e-05 0.000000000000000000e+00 4.301994225021488595e-04 1.422701865998275972e-01
1.028371000000000007e-01 7.501601321103805956e-28 4.361548966950282326e-05 0.000000000000000000e+00 5.501570523915326385e-04 2.131402755930839055e-01
1.052325000000000066e-01 1.759855680888880503e-26 4.965873064360370890e-05 0.000000000000000000e+00 7.722511705730691813e-04 2.019643543346663628e-01
1.076836999999999933e-01 3.282584380953786800e-25 4.262007971974102362e-05 0.000000000000000000e+00 6.529848805988131694e-04 1.901412276552062186e-01
1.101919999999999983e-01 4.943622925042767275e-24 4.110042070457457390e-05 0.000000000000000000e+00 6.585948451994352642e-04 1.776864714369036646e-01
1.127587000000000034e-01 6.033074608624698289e-23 3.607863167017288995e-05 0.000000000000000000e+00 5.846253506621925007e-04 1.629322942139379005e-01
1.153851999999999933e-01 6.347168602482160418e-22 3.374344781516903290e-05 0.000000000000000000e+00 5.695266228470199400e-04 1.537882667801395431e-01
1.180728000000000055e-01 5.891586082230269734e-21 2.667738654324191573e-05 0.000000000000000000e+00 4.477600380178209968e-04 1.509439585678070406e-01
1.208231000000000027e-01 4.406442341622557132e-20 2.079750025002659788e-05 0.000000000000000000e+00 3.078890233179698891e-04 1.390089922387854060e-01
1.236373999999999945e-01 8.410491338032770826e-19 7.648264325926550555e-05 0.000000000000000000e+00 1.388895614175919774e-03 3.762095409603937179e-01
1.265172999999999992e-01 4.850459344797774721e-18 7.904218166167718980e-05 0.000000000000000000e+00 1.508389657703567777e-03 3.506211160810933647e-01
1.294643000000000044e-01 2.598111474359486516e-17 7.669632838459393019e-05 0.000000000000000000e+00 1.502215470442464168e-03 3.426087214107774170e-01
1.324799000000000115e-01 1.255538771616734641e-16 7.792707866418824227e-05 0.000000000000000000e+00 1.575005666868444561e-03 3.379499983074426561e-01
1.355657999999999863e-01 5.465134619458847214e-16 7.677678713695744602e-05 0.000000000000000000e+00 1.565402700859794705e-03 3.332344178367466769e-01
1.387234999999999996e-01 2.158670244348359857e-15 6.699767602129463016e-05 0.000000000000000000e+00 1.366328851230078382e-03 3.284185511111871181e-01
1.419547999999999921e-01 7.798839889478104960e-15 6.678936392387889334e-05 0.000000000000000000e+00 1.355767017992071935e-03 3.238208515229648587e-01
1.452613000000000099e-01 2.628192080943525680e-14 6.921024085011423586e-05 0.000000000000000000e+00 1.405973626449429038e-03 3.236834268093459754e-01
1.486448999999999965e-01 8.673102022926016298e-14 6.714929978097022010e-05 0.000000000000000000e+00 1.337537409153356999e-03 3.423103946114811058e-01
1.521073000000000008e-01 2.700614647831377396e-13 6.801354008465057338e-05 0.000000000000000000e+00 1.342082324115483451e-03 3.670578748583034900e-01
1.556502999999999914e-01 7.024591741283455513e-13 6.944021183664593445e-05 0.000000000000000000e+00 1.346467533574081032e-03 3.515716598619544886e-01
1.592758999999999980e-01 1.600476323965575062e-12 7.092479635042507028e-05 0.000000000000000000e+00 1.350638999349121610e-03 3.139768708565486843e-01
1.629858999999999891e-01 3.634501667371183488e-12 7.248292315971951387e-05 0.000000000000000000e+00 1.355043300378380158e-03 2.962808506161491717e-01
1.667822999999999944e-01 8.102781216504661474e-12 7.412289165061223769e-05 0.000000000000000000e+00 1.361266786808219571e-03 2.898989734723875777e-01
1.706671999999999911e-01 1.722991487237558374e-11 7.608399776900929721e-05 0.000000000000000000e+00 1.369956086929446796e-03 2.844517129794061905e-01
1.746425000000000061e-01 3.558356849548622075e-11 7.888581810622232132e-05 0.000000000000000000e+00 1.380481582986090635e-03 2.789646597095249425e-01
1.787104999999999944e-01 7.181568986495031581e-11 8.191115818542402431e-05 0.000000000000000000e+00 1.394307241600403974e-03 2.732744770882176710e-01
1.828732000000000135e-01 1.416258096277988691e-10 8.676839659657650924e-05 0.000000000000000000e+00 1.405276643668184949e-03 2.673591842204736113e-01
1.871327999999999880e-01 2.730858313294565395e-10 9.266381212501860530e-05 0.000000000000000000e+00 1.416249083939583649e-03 2.613330015255656558e-01
1.914916999999999869e-01 5.155328652826287148e-10 1.005016335282720439e-04 0.000000000000000000e+00 1.426579586457140747e-03 2.553424215629738758e-01
1.959520999999999902e-01 9.540380470941359575e-10 1.117222471673563506e-04 0.000000000000000000e+00 1.433049719010793437e-03 2.493051288527443621e-01
2.005164999999999864e-01 1.735698090154453733e-09 1.234025856405155969e-04 0.000000000000000000e+00 1.439852556423954801e-03 2.432459105737075633e-01
2.051871000000000111e-01 3.120713538346390395e-09 1.355950031442389029e-04 0.000000000000000000e+00 1.442921024779002855e-03 2.374128932571065165e-01
2.099665000000000004e-01 5.578253682056756158e-09 1.480065442589243384e-04 0.000000000000000000e+00 1.446238582772979477e-03 2.319257151202104850e-01
2.148573000000000011e-01 9.974710782239607163e-09 1.593572962001299877e-04 0.000000000000000000e+00 1.448978543991812605e-03 2.268840414243903369e-01
2.198618999999999990e-01 1.794716292869922903e-08 1.693929543738577543e-04 0.000000000000000000e+00 1.451742715253479931e-03 2.225833184044260782e-01
2.249831999999999943e-01 3.257138025001634897e-08 1.695267900544117877e-04 0.000000000000000000e+00 1.454291919230259319e-03 2.191602491939454445e-01
2.302237000000000033e-01 5.950896623570959832e-08 1.672225633563671364e-04 0.000000000000000000e+00 1.455943295294612238e-03 2.165241450111845267e-01
2.355862999999999985e-01 1.089256699100478666e-07 1.618673737951228117e-04 0.000000000000000000e+00 1.455042769139048599e-03 2.145071834865970029e-01
2.410738000000000048e-01 1.985680915886161860e-07 1.607544377132323718e-04 0.000000000000000000e+00 1.451925357789898363e-03 2.129174910090403106e-01
2.466890999999999945e-01 3.586012087133443967e-07 1.740341058834210574e-04 0.000000000000000000e+00 1.446039274068803985e-03 2.115849042733661256e-01
2.524352999999999736e-01 6.394683716540376697e-07 2.001374408913625879e-04 0.000000000000000000e+00 1.438360934641939653e-03 2.105030028564069677e-01
2.583152000000000226e-01 1.127213864854042867e-06 2.444614181349340286e-04 0.000000000000000000e+00 1.429311085940577521e-03 2.102893176718718393e-01
2.643322000000000171e-01 2.035567654486654967e-06 3.427933783235461926e-04 0.000000000000000000e+00 1.419988102843641221e-03 2.187747594143723273e-01
2.704892999999999881e-01 3.987741235959716843e-06 4.718348631580113976e-04 0.000000000000000000e+00 1.410820436636732976e-03 2.509947507448900272e-01
2.767897999999999747e-01 7.302973602685589272e-06 6.185473898666822307e-04 0.000000000000000000e+00 1.403867511043986908e-03 2.735230718454549903e-01
2.832370000000000165e-01 1.082546020703083127e-05 8.113036416332332877e-04 0.000000000000000000e+00 1.398381194514758657e-03 2.449848717550152932e-01
2.898344999999999949e-01 1.499457898899031957e-05 1.051307836281959720e-03 0.000000000000000000e+00 1.394954424796334943e-03 2.080396388986392453e-01
2.965856000000000048e-01 2.265332233844288552e-05 1.317339298172555276e-03 0.000000000000000000e+00 1.395947274833185536e-03 1.953716936928375780e-01
3.034938999999999831e-01 3.500776278212256603e-05 1.498873806917069796e-03 0.000000000000000000e+00 1.401421356673305607e-03 1.901548359883056538e-01
3.105631999999999837e-01 5.340759402261826351e-05 1.759587591332847879e-03 0.000000000000000000e+00 1.413162573446050119e-03 1.850016546996547662e-01
3.177972000000000019e-01 8.028849978587136737e-05 2.451995469372351532e-03 0.000000000000000000e+00 1.431585758222028758e-03 1.794811637284478845e-01
3.251995999999999776e-01 1.190938845823193062e-04 2.756708086213686439e-03 0.000000000000000000e+00 1.457335152055089147e-03 1.737733697665978794e-01
3.327744999999999731e-01 1.612771466579831830e-04 2.927222390408808304e-03 0.000000000000000000e+00 1.492638991784358323e-03 1.678393379551189613e-01
3.405257999999999896e-01 1.879733900621997683e-04 3.116731038867433766e-03 0.000000000000000000e+00 1.533154714723705681e-03 1.616115429722627117e-01
3.484576999999999813e-01 2.117179810154426196e-04 3.437735632144468638e-03 0.000000000000000000e+00 1.585511601066332292e-03 1.554022702331966654e-01
3.565743000000000107e-01 2.335698470032131582e-04 3.530555993651501683e-03 0.000000000000000000e+00 1.559358833647085663e-03 1.491939411263136783e-01
3.648799999999999821e-01 2.559240631601639323e-04 4.366779616497097616e-03 0.000000000000000000e+00 1.699607026887854470e-03 1.430566343495569548e-01
3.733791000000000193e-01 2.817667283230702825e-04 4.616556066883615791e-03 0.000000000000000000e+00 2.645603154929100208e-03 1.370331066809156728e-01
3.820761999999999770e-01 3.142952219930916324e-04 3.970757397677595821e-03 0.000000000000000000e+00 2.090367485151262573e-03 1.311168979812267210e-01
3.909758999999999873e-01 3.571649722759250652e-04 4.689565278360573880e-03 0.000000000000000000e+00 2.235145864978963469e-03 1.253701939893222816e-01
4.000829000000000191e-01 4.145226498924906933e-04 7.873556199073880948e-03 0.000000000000000000e+00 2.371675683533003808e-03 1.198310851640393138e-01
4.094020999999999910e-01 4.913909181159647338e-04 9.485678809567833769e-03 0.000000000000000000e+00 2.445640077028229074e-03 1.145505422061128681e-01
4.189382999999999857e-01 5.939227551167200036e-04 9.611557506381570096e-03 0.000000000000000000e+00 2.483475790844986899e-03 1.095720337008792289e-01
4.286965999999999832e-01 7.294865492917541189e-04 1.056548779050055405e-02 0.000000000000000000e+00 2.414361931679697218e-03 1.049086797581763042e-01
4.386822000000000221e-01 9.069594744150104651e-04 1.249994806171914746e-02 0.000000000000000000e+00 2.493997217751775779e-03 1.005861187018962238e-01
4.489003999999999772e-01 1.144862503475571310e-03 1.449311183643681861e-02 0.000000000000000000e+00 2.529103673292031063e-03 9.732426022372296648e-02
4.593567000000000067e-01 1.563336380063699935e-03 1.585937817598955316e-02 0.000000000000000000e+00 2.532624298442222137e-03 1.017139785085723058e-01
4.700563999999999854e-01 2.485992552726040521e-03 1.648969808978056548e-02 0.000000000000000000e+00 2.516441592734772192e-03 1.241174564023475035e-01
4.810054999999999747e-01 3.553990819475126139e-03 1.749918177984410503e-02 0.000000000000000000e+00 2.648173389732706804e-03 1.370025285653435898e-01
4.922095000000000220e-01 3.778653779406983271e-03 1.741342152725284392e-02 0.000000000000000000e+00 2.959910282770068270e-03 1.134762210203307115e-01
5.036745999999999723e-01 3.698841901642126867e-03 1.696270715612562680e-02 0.000000000000000000e+00 3.378998610052533040e-03 8.748085633770458225e-02
5.154066000000000480e-01 4.232083298965431603e-03 1.648501741413594887e-02 0.000000000000000000e+00 2.374318097118929480e-03 7.978074996561348997e-02
5.274119999999999919e-01 5.093545707711755188e-03 1.861033159384216026e-02 0.000000000000000000e+00 2.403679844880133448e-03 7.748827627325927114e-02
5.396969999999999823e-01 6.089562342349541697e-03 1.964466967041231249e-02 0.000000000000000000e+00 2.329033720867527447e-03 7.566702345601288016e-02
5.522681999999999869e-01 7.212953228937783040e-03 2.027684044051015697e-02 0.000000000000000000e+00 2.334056588380885831e-03 7.402420915923078881e-02
5.651321999999999734e-01 8.476281884905222455e-03 2.103495518087267549e-02 0.000000000000000000e+00 2.319635684199545123e-03 7.255049338976146678e-02
5.782958000000000265e-01 9.898765200992027183e-03 2.119906029186051019e-02 0.000000000000000000e+00 2.326257082631184858e-03 7.123194872570620673e-02
5.917660000000000142e-01 1.150882205104246034e-02 2.161572343148548958e-02 0.000000000000000000e+00 2.342548738671910817e-03 7.005269637201856636e-02
6.055500000000000327e-01 1.346379015218439335e-02 2.353317999757258139e-02 0.000000000000000000e+00 2.341055760562373370e-03 6.960165940803318685e-02
6.196551000000000142e-01 1.729120865772186197e-02 2.339281721187863247e-02 0.000000000000000000e+00 2.326308131332270168e-03 7.607121564017872706e-02
6.340886999999999496e-01 2.685820649977861338e-02 2.286846811253656978e-02 0.000000000000000000e+00 2.304929172907436031e-03 1.005726974530491008e-01
6.488585000000000047e-01 3.672140441640394520e-02 2.415036607878738584e-02 0.000000000000000000e+00 2.281912508211961319e-03 1.168612153516225688e-01
6.639724000000000181e-01 3.528305795940810119e-02 2.505062162152137117e-02 0.000000000000000000e+00 2.254992845380249245e-03 9.514954081959926813e-02
6.794383000000000505e-01 3.024633331828102678e-02 2.530213961757668550e-02 0.000000000000000000e+00 2.226007617537596479e-03 6.884918706326924320e-02
6.952644000000000046e-01 3.195925150479984878e-02 2.602432158514040791e-02 0.000000000000000000e+00 2.196080200095137068e-03 6.112703737056852243e-02
7.114591999999999583e-01 3.694002523556842721e-02 2.551370460125477330e-02 0.000000000000000000e+00 2.161807675304331516e-03 5.908628788412233906e-02
7.280311999999999895e-01 4.311338433672562420e-02 2.627546411944506680e-02 0.000000000000000000e+00 2.127957614702135746e-03 5.741301542223484211e-02
7.449892999999999654e-01 5.054435479689287081e-02 2.866650461947294753e-02 0.000000000000000000e+00 2.095448610558704478e-03 5.582767382449973365e-02
7.623423000000000282e-01 5.951247213659667523e-02 2.840823314036265354e-02 0.000000000000000000e+00 2.061897757575655021e-03 5.438085609752567329e-02
7.800994999999999457e-01 7.031964048177530291e-02 2.732240929398410678e-02 0.000000000000000000e+00 2.031512714183049580e-03 5.310850702633061055e-02
7.982704000000000466e-01 8.323899776224122360e-02 2.711770406030000052e-02 0.000000000000000000e+00 2.002201366656163224e-03 5.201654065890642248e-02
8.168644999999999934e-01 9.848052938685426805e-02 2.906752423470838897e-02 0.000000000000000000e+00 1.974415041210125787e-03 5.110120319444350079e-02
8.358917000000000153e-01 1.161215478840065818e-01 2.954874060654857915e-02 0.000000000000000000e+00 1.949692910198234973e-03 5.035201141467751662e-02
8.553621000000000141e-01 1.360151404676507858e-01 2.893411001323818385e-02 0.000000000000000000e+00 1.927944713680762286e-03 4.975425844780508727e-02
8.752860999999999558e-01 1.577240074175482731e-01 3.136367656567523587e-02 0.000000000000000000e+00 1.907977702253001347e-03 4.930337392164729077e-02
8.956741000000000286e-01 1.804007724517359967e-01 3.175754969312690607e-02 0.000000000000000000e+00 1.889605432627369623e-03 4.899306466852992176e-02
9.165370000000000461e-01 2.038541235191940471e-01 3.272992154828609224e-02 0.000000000000000000e+00 1.870895355888095276e-03 4.880685710926428028e-02
9.378859000000000501e-01 2.295698136217831919e-01 3.138072389776796339e-02 0.000000000000000000e+00 1.852653654421434473e-03 4.874268643842722543e-02
9.597320999999999769e-01 2.580121943292320585e-01 3.192864973841764292e-02 0.000000000000000000e+00 1.837894322128471106e-03 4.879403636264684208e-02
9.820870999999999906e-01 2.893450519354954231e-01 3.275724220312232343e-02 0.000000000000000000e+00 1.826989584434807190e-03 4.894449025490707483e-02
1.004963000000000051e+00 3.236889512165037064e-01 3.429078069933579748e-02 0.000000000000000000e+00 1.787435816920285520e-03 4.917447004113804226e-02
1.028370999999999924e+00 3.611662709298844032e-01 3.437668666932670175e-02 0.000000000000000000e+00 1.737049925793356748e-03 4.946997973383082670e-02
1.052324999999999955e+00 4.020207061045003583e-01 3.386182925190673459e-02 0.000000000000000000e+00 1.675441424926952952e-03 4.983592876003545974e-02
1.076837000000000044e+00 4.464256764634390584e-01 3.318483611884300716e-02 0.000000000000000000e+00 1.593814513899965805e-03 5.026667619251665164e-02
1.101920000000000011e+00 4.945079830258004572e-01 3.248248960870701862e-02 0.000000000000000000e+00 1.540612362222319861e-03 5.075292314688045758e-02
1.127586999999999895e+00 5.465445745866359673e-01 3.205487216230100411e-02 0.000000000000000000e+00 1.490274051938431836e-03 5.130204286409335152e-02
1.153852000000000100e+00 6.030258505084854503e-01 3.206295157262236545e-02 0.000000000000000000e+00 1.441878080728695817e-03 5.193708696696971300e-02
1.180728000000000000e+00 6.645566064071983803e-01 3.148698093661513736e-02 0.000000000000000000e+00 1.391087309749629210e-03 5.268247029157847872e-02
1.208231000000000055e+00 7.315822335168339352e-01 3.123633825915842280e-02 0.000000000000000000e+00 1.344579002163819948e-03 5.354269313132942881e-02
1.236374000000000084e+00 8.045850078550567108e-01 3.119580954346845916e-02 0.000000000000000000e+00 1.308712840199844881e-03 5.452235866286004456e-02
1.265173000000000103e+00 8.840312839443509318e-01 3.077419293480364998e-02 0.000000000000000000e+00 1.263855254608955156e-03 5.562278678029967949e-02
1.294642999999999988e+00 9.703961210096139212e-01 3.049523975098922604e-02 0.000000000000000000e+00 1.214165708565269515e-03 5.684458012431042873e-02
1.324799000000000060e+00 1.064320155114389044e+00 3.001476074639899613e-02 0.000000000000000000e+00 1.185305203354907345e-03 5.819652050318538383e-02
1.355658000000000030e+00 1.166721725761771022e+00 2.949245552223620642e-02 0.000000000000000000e+00 1.157691723547705446e-03 5.969877822222596081e-02
1.387234999999999996e+00 1.278450554951383156e+00 2.893388314144078322e-02 0.000000000000000000e+00 1.136547565458627959e-03 6.136271986689214447e-02
1.419548000000000032e+00 1.400247577537779620e+00 2.802654190424708897e-02 0.000000000000000000e+00 1.108512984769320425e-03 6.319153504469053606e-02
1.452612999999999932e+00 1.532956151264572631e+00 2.841809574951775427e-02 0.000000000000000000e+00 1.088296337602317728e-03 6.519155364410561537e-02
1.486448999999999909e+00 1.677400217492287959e+00 2.858562322269438821e-02 0.000000000000000000e+00 1.071647076624612262e-03 6.736657685283230224e-02
1.521072999999999897e+00 1.834175404512167207e+00 2.985957993858103995e-02 0.000000000000000000e+00 1.067197225671590987e-03 6.971068305089678230e-02
1.556502999999999970e+00 2.004175027080135951e+00 2.997746710919430707e-02 0.000000000000000000e+00 1.044333429126232532e-03 7.222979651304223259e-02
1.592759000000000036e+00 2.188109000312159935e+00 2.922214446394058238e-02 0.000000000000000000e+00 9.895201323490139360e-04 7.492242659359299450e-02
1.629858999999999947e+00 2.386219336787872347e+00 2.972997696934707654e-02 0.000000000000000000e+00 9.810484720162971316e-04 7.777225300312215484e-02
1.667823000000000055e+00 2.598061597437679282e+00 2.982034965531252940e-02 0.000000000000000000e+00 9.482257557631908760e-04 8.074489005749807546e-02
1.706671999999999967e+00 2.823437827460735239e+00 2.933276748947305848e-02 0.000000000000000000e+00 9.178116475846094567e-04 8.381979291951789646e-02
1.746424999999999894e+00 3.062225488131488316e+00 2.770713758569427407e-02 0.000000000000000000e+00 8.708939047743952415e-04 8.698260108174665772e-02
1.787104999999999944e+00 3.313602100675751672e+00 2.574832003699243851e-02 0.000000000000000000e+00 8.364099304303455971e-04 9.020284068876929795e-02
1.828732000000000024e+00 3.575713060720410397e+00 2.403418429196702011e-02 0.000000000000000000e+00 7.928532688973064868e-04 9.342853193122446775e-02
1.871328000000000102e+00 3.846935135017600871e+00 2.260598779152172416e-02 0.000000000000000000e+00 7.498184968971496975e-04 9.662213637497256424e-02
1.914916999999999980e+00 4.125959305728137849e+00 2.159416238573440977e-02 0.000000000000000000e+00 7.170184737958830998e-04 9.975988596425237886e-02
1.959521000000000068e+00 4.410665022300174876e+00 2.034545306886233543e-02 0.000000000000000000e+00 6.788557283199419179e-04 1.028030295407075523e-01
2.005164999999999864e+00 4.700847834846103801e+00 1.938683878019459642e-02 0.000000000000000000e+00 6.521288947585390447e-04 1.057617365733466569e-01
2.051870999999999778e+00 4.997139545028101537e+00 1.876963566271907385e-02 0.000000000000000000e+00 6.227440843008908659e-04 1.086633300534920604e-01
2.099664999999999893e+00 5.300758910464417717e+00 1.823916071137163253e-02 0.000000000000000000e+00 5.931426471151042936e-04 1.115442067976838286e-01
2.148572999999999844e+00 5.611485262650263373e+00 1.769275025969009943e-02 0.000000000000000000e+00 5.668885107632188128e-04 1.144070851062043842e-01
2.198618999999999879e+00 5.928251055407879555e+00 1.696477676936023263e-02 0.000000000000000000e+00 5.385510781601509462e-04 1.172377899748276581e-01
2.249832000000000054e+00 6.249185216445106050e+00 1.621101275460945512e-02 0.000000000000000000e+00 5.134513770719369890e-04 1.200084978535602004e-01
2.302236999999999867e+00 6.571082263289638625e+00 1.413997141385336075e-02 0.000000000000000000e+00 4.603508118536370469e-04 1.226696630088813383e-01
2.355862999999999818e+00 6.895984209531413889e+00 1.224552354665730397e-02 0.000000000000000000e+00 4.065365831691296165e-04 1.252724004445795458e-01
2.410737999999999825e+00 7.222558878128708670e+00 1.109997746114470794e-02 0.000000000000000000e+00 3.761897059271115517e-04 1.278027025303971609e-01
2.466890999999999945e+00 7.546503562248725316e+00 9.727020621374328144e-03 0.000000000000000000e+00 3.574943703438557643e-04 1.301966421237164551e-01
2.524353000000000069e+00 7.865856718607356690e+00 8.522408108417445574e-03 0.000000000000000000e+00 3.486233645947033857e-04 1.324357473375098182e-01
2.583152000000000115e+00 8.179537281218285827e+00 8.526057559493833288e-03 0.000000000000000000e+00 3.358275217412296149e-04 1.345174730510394490e-01
2.643321999999999949e+00 8.487388014735675057e+00 8.371902754518614764e-03 0.000000000000000000e+00 3.249683272884656667e-04 1.364540195808447987e-01
2.704893000000000214e+00 8.789229807495109625e+00 8.178038444582425015e-03 0.000000000000000000e+00 3.162405638580831845e-04 1.382558224532474400e-01
2.767898000000000192e+00 9.087617767136919156e+00 7.899694030171303463e-03 0.000000000000000000e+00 3.052110906866480804e-04 1.399741981852713479e-01
2.832370000000000054e+00 9.384158946698397230e+00 7.605238599339976362e-03 0.000000000000000000e+00 2.939907681766236523e-04 1.416416753380493054e-01
2.898344999999999949e+00 9.680851684889944408e+00 7.269062381181354456e-03 0.000000000000000000e+00 2.817399165858034391e-04 1.432937896519816401e-01
2.965856000000000048e+00 9.982869613953617716e+00 6.925393539181804413e-03 0.000000000000000000e+00 2.691363230240050660e-04 1.450093425626035326e-01
3.034939000000000053e+00 1.029173637386081275e+01 6.627661454134888518e-03 0.000000000000000000e+00 2.555439068738219713e-04 1.468092660703189112e-01
3.105631999999999948e+00 1.060444640348298506e+01 6.392428016577671873e-03 0.000000000000000000e+00 2.424400405624500625e-04 1.486495735441941968e-01
3.177972000000000019e+00 1.091827446968768278e+01 6.141890117049001244e-03 0.000000000000000000e+00 2.305207535800718065e-04 1.504931444155647169e-01
3.251996000000000109e+00 1.123299593633537263e+01 5.889899519403315152e-03 0.000000000000000000e+00 2.595475377518318338e-04 1.523391376554944499e-01
3.327745000000000175e+00 1.154156712217304026e+01 5.611604888153321792e-03 0.000000000000000000e+00 3.119104976895173517e-04 1.540956251206642147e-01
3.405257999999999896e+00 1.183809543754435545e+01 5.315656135463424532e-03 0.000000000000000000e+00 2.428228672054637575e-04 1.556912198530446267e-01
3.484576999999999813e+00 1.211619694468156361e+01 5.017455679194098191e-03 0.000000000000000000e+00 2.167704656432708490e-04 1.570520078794211127e-01
3.565742999999999885e+00 1.237377178357842311e+01 4.714513099776171737e-03 0.000000000000000000e+00 1.801771061387870290e-04 1.581625348936794573e-01
3.648800000000000043e+00 1.261066687266003150e+01 4.416202637793867347e-03 0.000000000000000000e+00 1.664170544502782461e-04 1.590321846308641873e-01
3.733791000000000082e+00 1.282701132319882475e+01 4.110065129984888724e-03 0.000000000000000000e+00 1.567992347307236830e-04 1.596728105685152332e-01
3.820762000000000214e+00 1.302562811147513067e+01 3.839892302231617469e-03 0.000000000000000000e+00 1.496996214909095623e-04 1.601282643433040442e-01
3.909759000000000206e+00 1.321160087169078423e+01 3.563706875443059009e-03 0.000000000000000000e+00 1.424595215809898506e-04 1.604672590160514389e-01
4.000829000000000413e+00 1.339101924394477372e+01 3.292010211575220613e-03 0.000000000000000000e+00 1.351151225657094498e-04 1.607670080198358997e-01
4.094020999999999688e+00 1.357380376648728060e+01 3.055073691233902312e-03 0.000000000000000000e+00 1.290893317821897315e-04 1.611464963432049646e-01
4.189383000000000301e+00 1.376975846780626966e+01 2.837622727694076585e-03 0.000000000000000000e+00 1.236801210513859104e-04 1.617181052127678043e-01
4.286965999999999610e+00 1.398533369386066383e+01 2.564448428544455118e-03 0.000000000000000000e+00 1.153475577047697681e-04 1.625506641750799341e-01
4.386822000000000443e+00 1.422459284873743535e+01 2.221087730129523742e-03 0.000000000000000000e+00 1.021052001146800477e-04 1.636830534095665146e-01
4.489004000000000438e+00 1.448943407622104118e+01 2.004982546844515188e-03 0.000000000000000000e+00 9.510558295994040324e-05 1.651283489306191177e-01
4.593567000000000178e+00 1.478131426149072070e+01 1.867485526957499446e-03 0.000000000000000000e+00 9.252300283871652074e-05 1.668945776523435565e-01
4.700563999999999965e+00 1.510004884273295112e+01 1.766554572869239283e-03 0.000000000000000000e+00 9.225220043297786973e-05 1.689715369833203751e-01
4.810055000000000192e+00 1.544164617715417087e+01 1.664336551555030798e-03 0.000000000000000000e+00 9.265709719610067292e-05 1.713075636055560735e-01
4.922094999999999665e+00 1.579685047944337839e+01 1.558117024461313756e-03 0.000000000000000000e+00 9.287769460921882882e-05 1.737951863551430443e-01
5.036745999999999945e+00 1.615769841043276145e+01 1.462739992166644642e-03 0.000000000000000000e+00 9.356026039691879537e-05 1.763447822727632897e-01
5.154066000000000258e+00 1.651888030337864777e+01 1.371071145129810261e-03 0.000000000000000000e+00 9.511400709657290655e-05 1.788983769885069686e-01
5.274119999999999919e+00 1.687057884539440522e+01 1.287531979903885643e-03 0.000000000000000000e+00 9.769802829739658340e-05 1.813512855425937487e-01
5.396969999999999601e+00 1.720759283315453203e+01 1.208375105030869015e-03 0.000000000000000000e+00 1.007345730051995377e-04 1.836510315972998686e-01
5.522681999999999647e+00 1.752719139851683039e+01 1.133327434514183477e-03 0.000000000000000000e+00 1.042733341265979539e-04 1.857725865374594831e-01
5.651322000000000401e+00 1.782603338583678010e+01 1.060993679813335274e-03 0.000000000000000000e+00 1.080107000704371448e-04 1.876849220737768498e-01
5.782957999999999821e+00 1.810145655175856660e+01 9.938318425762684462e-04 0.000000000000000000e+00 1.119627866950535794e-04 1.893646480822008538e-01
5.917659999999999698e+00 1.835412066115899421e+01 9.270682051683577481e-04 0.000000000000000000e+00 1.161626395161022144e-04 1.908232066414592976e-01
6.055500000000000327e+00 1.858573181086704551e+01 8.658193578298385533e-04 0.000000000000000000e+00 2.171228167370300977e-04 1.920822849454023595e-01
6.196551000000000364e+00 1.879642459778730768e+01 8.101369733622982433e-04 0.000000000000000000e+00 6.613309980122810110e-04 1.931466545962808035e-01
6.340887000000000384e+00 1.898600544467376139e+01 7.574972065620943487e-04 0.000000000000000000e+00 3.334270878551127428e-04 1.940173938623188654e-01
6.488584999999999603e+00 1.915472904404261811e+01 7.088446987964134530e-04 0.000000000000000000e+00 1.362608763365796372e-04 1.946998966783528573e-01
6.639724000000000181e+00 1.930059161820017977e+01 6.634838891555113480e-04 0.000000000000000000e+00 1.411010129359079089e-04 1.951764019013237650e-01
6.794382999999999839e+00 1.941981515299610095e+01 6.205820766967242233e-04 0.000000000000000000e+00 1.463344514391335511e-04 1.954114564304429980e-01
6.952644000000000268e+00 1.951018379861588059e+01 5.805270055583089742e-04 0.000000000000000000e+00 1.520678292225585444e-04 1.953857305817744694e-01
7.114592000000000027e+00 1.957562123405553933e+01 5.426649112253812768e-04 0.000000000000000000e+00 1.649521492828813062e-04 1.951412339968202347e-01
7.280312000000000339e+00 1.962235174716906272e+01 5.069034074252961458e-04 0.000000000000000000e+00 3.287581540114448858e-04 1.947418422174347907e-01
7.449893000000000320e+00 1.965548163221183131e+01 4.730583455451044619e-04 0.000000000000000000e+00 4.797703438817088302e-04 1.942391181884095264e-01
7.623422999999999838e+00 1.968586602273483877e+01 4.418634597848544168e-04 0.000000000000000000e+00 6.095673737751733422e-04 1.937402426594293792e-01
7.800995000000000346e+00 1.972984199654010240e+01 4.125282696197193509e-04 0.000000000000000000e+00 5.626647901865794096e-04 1.934043720851968129e-01
7.982704000000000022e+00 1.979555255725142260e+01 3.850612758541138215e-04 0.000000000000000000e+00 4.939684074171847442e-04 1.933082399089239012e-01
8.168644999999999712e+00 1.988609666413089982e+01 3.595949623699131706e-04 0.000000000000000000e+00 3.601126835963921091e-04 1.934785177241355458e-01
8.358916999999999931e+00 2.000586683618700334e+01 3.358592400930090973e-04 0.000000000000000000e+00 2.148699982772210517e-04 1.939542311711759393e-01
8.553620999999999697e+00 2.016070111774601870e+01 3.139060220999497180e-04 0.000000000000000000e+00 2.182430643848718278e-04 1.947880402384638276e-01
8.752860999999999336e+00 2.034979517604590527e+01 2.934424899959914681e-04 0.000000000000000000e+00 2.245315288167230589e-04 1.959681637762649697e-01
8.956740999999999175e+00 2.056623991874893420e+01 2.743272628986641467e-04 0.000000000000000000e+00 2.137533308725487720e-04 1.974246093997432672e-01
9.165369999999999351e+00 2.079831157046484336e+01 2.565337577704134529e-04 0.000000000000000000e+00 2.059971697156067210e-04 1.990423851614466499e-01
9.378859000000000279e+00 2.103077878314615035e+01 2.399355743578043040e-04 0.000000000000000000e+00 2.038638531959015797e-04 2.006745523720953606e-01
9.597321000000000879e+00 2.124601335752057452e+01 2.243448771367032686e-04 0.000000000000000000e+00 2.052708092444726663e-04 2.021531256886354988e-01
9.820871000000000350e+00 2.143276073834519124e+01 2.082292886955402534e-04 0.000000000000000000e+00 2.061784544987343873e-04 2.033724384069353630e-01
1.004963000000000051e+01 2.158760196418091937e+01 1.917619802655994693e-04 0.000000000000000000e+00 2.016392664792597317e-04 2.043020025211715607e-01
1.028370999999999924e+01 2.170370721410699844e+01 1.789209087996709087e-04 0.000000000000000000e+00 2.011599097763371003e-04 2.048793005659815536e-01
1.052325000000000088e+01 2.177887819347366261e+01 1.666894427109756019e-04 0.000000000000000000e+00 2.017346751787675943e-04 2.050858918854682744e-01
1.076837000000000089e+01 2.181145455549172496e+01 1.552936987277597390e-04 0.000000000000000000e+00 2.023427208466061151e-04 2.049083919612431914e-01
1.101919999999999966e+01 2.180198231698664557e+01 1.446768608593541471e-04 0.000000000000000000e+00 2.735559046763301385e-04 2.043540480041921292e-01
1.127586999999999939e+01 2.174686590250297513e+01 1.347858045230025301e-04 0.000000000000000000e+00 6.702389695163632173e-04 2.033911419399251630e-01
1.153852000000000011e+01 2.165409456877700833e+01 1.255709159993155749e-04 0.000000000000000000e+00 3.981842394028802185e-04 2.020961899923622296e-01
1.180728000000000044e+01 2.157491454699662725e+01 1.169852085151698985e-04 0.000000000000000000e+00 2.039565992299857645e-04 2.009478212518299722e-01
1.208230999999999966e+01 2.153895783265586772e+01 1.089862679481538209e-04 0.000000000000000000e+00 2.050792292033432821e-04 2.002198773667204501e-01
1.236373999999999995e+01 2.158000217955776634e+01 1.015339904311834837e-04 0.000000000000000000e+00 2.063597248955648328e-04 2.002226812976244386e-01
1.265173000000000059e+01 2.171283038388611430e+01 9.458992980218916611e-05 0.000000000000000000e+00 2.086943939476660107e-04 2.010885675775606340e-01
1.294642999999999944e+01 2.192222257630198001e+01 8.812021922805244939e-05 0.000000000000000000e+00 2.108227947383499131e-04 2.026718616695648290e-01
1.324798999999999971e+01 2.221140213678786424e+01 8.209194424537521898e-05 0.000000000000000000e+00 2.127601613570527083e-04 2.049984210663630957e-01
1.355658000000000030e+01 2.264573198387212116e+01 7.647509566882274663e-05 0.000000000000000000e+00 2.145273177922000000e-04 2.086667709619337840e-01
1.387235000000000085e+01 2.330080588802604424e+01 7.124139564306700525e-05 0.000000000000000000e+00 2.161536155374221824e-04 2.143660560768995416e-01
1.419547999999999988e+01 2.428005030058467639e+01 6.636491676600366396e-05 0.000000000000000000e+00 2.176744764649618622e-04 2.230373601650966486e-01
1.452613000000000021e+01 2.555516006217145630e+01 6.182132172379849774e-05 0.000000000000000000e+00 2.191325689031605036e-04 2.344085828768526225e-01
1.486448999999999998e+01 2.694753542528460954e+01 5.758806743021807107e-05 0.000000000000000000e+00 2.205832142584480591e-04 2.468333665807357080e-01
1.521072999999999986e+01 2.823355795885868957e+01 5.364422214813829414e-05 0.000000000000000000e+00 2.221059276186114831e-04 2.582632072925183930e-01
1.556503000000000014e+01 2.924684093188498224e+01 4.996992199272051510e-05 0.000000000000000000e+00 2.241295930950489522e-04 2.671833564357907753e-01
1.592759000000000036e+01 2.996043438148133120e+01 4.654723430105727497e-05 0.000000000000000000e+00 2.293689881587773012e-04 2.733585544049924598e-01
1.629859000000000080e+01 3.039369060702650316e+01 4.335908250454794868e-05 0.000000000000000000e+00 2.357122744255357174e-04 2.769759067778659878e-01
1.667822999999999922e+01 3.052678089628129499e+01 4.038984012386974604e-05 0.000000000000000000e+00 2.426749829444678865e-04 2.778642655351572510e-01
1.706672000000000011e+01 3.029757060538243607e+01 3.762483854653430416e-05 0.000000000000000000e+00 2.504596673559787690e-04 2.754679489794134573e-01
1.746424999999999983e+01 2.965354497684369761e+01 3.505062506133536454e-05 0.000000000000000000e+00 2.591991993634031695e-04 2.693203956853025272e-01
1.787105000000000032e+01 2.860348175330930687e+01 3.265470381672962440e-05 0.000000000000000000e+00 2.688222153433529539e-04 2.595123372002502427e-01
1.828732000000000113e+01 2.715283913903529722e+01 3.042552210120091699e-05 0.000000000000000000e+00 2.789909625915626217e-04 2.461032468049923760e-01
1.871328000000000102e+01 2.547888191143775671e+01 2.835196854807495693e-05 0.000000000000000000e+00 2.892785897424698829e-04 2.307073097657457161e-01
1.914917000000000158e+01 2.384051226571823889e+01 2.642358656153287987e-05 0.000000000000000000e+00 3.003761240457490265e-04 2.156705221284798413e-01
1.959521000000000157e+01 2.253674863929757421e+01 2.463025889060912517e-05 0.000000000000000000e+00 3.128159620668628403e-04 2.036926944290703700e-01
2.005164999999999864e+01 2.179794054572889550e+01 2.296240629872310814e-05 0.000000000000000000e+00 3.243910091295346848e-04 1.968443126307810875e-01
2.051870999999999867e+01 2.184254941347769474e+01 2.141095337891952852e-05 0.000000000000000000e+00 3.349756712129578788e-04 1.970823183062162531e-01
2.099664999999999893e+01 2.266678392488171312e+01 1.996755460978533341e-05 0.000000000000000000e+00 3.440996867192576305e-04 2.043545825993797194e-01
2.148573000000000022e+01 2.421590945390195060e+01 1.862411354311650834e-05 0.000000000000000000e+00 3.513166341811021186e-04 2.181514650349467010e-01
2.198619000000000057e+01 2.646174269451575967e+01 1.737334565499352727e-05 0.000000000000000000e+00 3.566201221338814969e-04 2.382050335687200260e-01
2.249831999999999965e+01 2.930037834073271341e+01 1.620835496479259012e-05 0.000000000000000000e+00 3.615950285203054578e-04 2.635680025959178385e-01
2.302236999999999867e+01 3.251745371264022566e+01 1.512291125997626048e-05 0.000000000000000000e+00 3.632476650506586682e-04 2.923037217399980237e-01
2.355863000000000085e+01 3.586758562778776849e+01 1.411117850190357529e-05 0.000000000000000000e+00 3.603561208594029878e-04 3.222027871670031240e-01
2.410737999999999914e+01 3.916885879079020327e+01 1.316787055740262058e-05 0.000000000000000000e+00 3.539209527228314800e-04 3.516316676506979766e-01
2.466891000000000034e+01 4.230479657856196951e+01 1.228812826771826136e-05 0.000000000000000000e+00 3.457121613092487000e-04 3.795480629288556229e-01
2.524352999999999980e+01 4.517734066152141281e+01 1.146747011023627232e-05 0.000000000000000000e+00 3.375489334989379407e-04 4.050771627033549205e-01
2.583152000000000115e+01 4.774745923718805329e+01 1.070180694318643625e-05 0.000000000000000000e+00 3.312788108914003138e-04 4.278748464208211866e-01
2.643321999999999861e+01 4.999704993528657582e+01 9.987375074790864795e-06 0.000000000000000000e+00 3.303982306832010875e-04 4.477848363578872948e-01
2.704892999999999859e+01 5.191814375540383963e+01 9.320700561581824595e-06 0.000000000000000000e+00 3.328658300072481042e-04 4.647415064910994098e-01
2.767897999999999925e+01 5.350838395137960646e+01 8.698560287240175842e-06 0.000000000000000000e+00 3.376154446742336184e-04 4.787291910681696350e-01
2.832369999999999877e+01 5.475426542742636826e+01 8.117954884786838827e-06 0.000000000000000000e+00 3.445526262869508792e-04 4.896321909521689775e-01
2.898345000000000127e+01 5.564508310630267118e+01 7.576116251660512011e-06 0.000000000000000000e+00 3.533236815963564548e-04 4.973597034223183888e-01
2.965856000000000137e+01 5.614021268922383712e+01 7.054735055263472333e-06 0.000000000000000000e+00 3.623833838370048538e-04 5.015534533107350867e-01
