         1        4.312081E-05        5.144329E-05        7.307694E-06         0        7.888053E-01
         1        1.015171E-04        9.272499E-05        1.458612E-05         0        1.088593E+00
         1        2.791698E-03        2.928724E-03        1.517037E-04         1        2.531908E+00
         1        1.192985E-02        1.081086E-02        9.229747E-04         1        5.251788E+00
         1        5.287653E-05        5.516912E-05        2.643827E-06         1        8.508403E-01
         1        9.205862E-05        8.659550E-05        4.602931E-06         1        1.076691E+00
         1        0.000000E+00        1.174656E-05        0.000000E+00         0        2.943994E-01
         1        0.000000E+00        1.601594E-05        0.000000E+00         0        3.927520E-01
         1        0.000000E+00        2.584726E-05        0.000000E+00         0        5.157382E-01
         1        0.000000E+00        8.880190E-06        0.000000E+00         0        1.108532E-01
         1        8.995519E-06        9.482752E-06        6.444213E-07         1        1.471479E-01
         1        1.162637E-06        1.507622E-06        9.749399E-07         1        8.377491E-02
         1        9.415514E-06        8.880190E-06        4.707757E-07         1        1.108532E-01
         1        1.014386E-05        9.482752E-06        5.096313E-07         1        1.471479E-01
         1        7.255788E-06        8.895484E-06        6.386042E-07         1        1.790356E-01
         1        9.598988E-06        8.950039E-06        2.605849E-06         1        2.132229E-01
         2        3.543944E-05        3.541383E-05        3.753707E-06         0        1.061834E+00
         2        6.179301E-05        5.625160E-05        8.992328E-06         0        1.465387E+00
         2        2.710618E-03        2.695458E-03        1.398080E-04         1        3.408274E+00
         2        1.141392E-02        1.157757E-02        9.461348E-04         1        7.069585E+00
         2        3.719315E-05        3.713720E-05        1.918345E-06         1        1.145341E+00
         2        5.224737E-05        5.214700E-05        2.612369E-06         1        1.449365E+00
         2        8.039961E-06        8.935021E-06        1.603199E-06         1        3.962996E-01
         2        0.000000E+00        1.342713E-05        0.000000E+00         0        5.286949E-01
         2        0.000000E+00        2.045554E-05        0.000000E+00         0        6.942502E-01
         2        0.000000E+00        3.221549E-06        0.000000E+00         0        1.492227E-01
         2        4.142154E-06        4.117001E-06        6.336823E-07         1        1.980801E-01
         2        2.169372E-06        1.821097E-06        1.323963E-06         1        1.127718E-01
         2        3.099394E-06        3.221549E-06        4.842929E-07         1        1.492227E-01
         2        3.619642E-06        4.117001E-06        8.024024E-07         1        1.980801E-01
         2        6.876301E-06        5.096928E-06        1.128177E-06         1        2.410050E-01
         2        4.333616E-06        7.080544E-06        4.241047E-06         1        2.870255E-01
         3        2.171135E-05        2.494554E-05        4.499301E-06         0        7.985649E-01
         3        4.000731E-05        3.417990E-05        9.322568E-06         0        1.102062E+00
         3        2.119671E-03        2.096338E-03        1.464217E-04         1        2.563234E+00
         3        1.126769E-02        1.146127E-02        9.547691E-04         1        5.316767E+00
         3        2.261846E-05        2.593673E-05        1.895746E-06         1        8.613674E-01
         3        3.401453E-05        3.293649E-05        1.700726E-06         1        1.090013E+00
         3        7.880141E-06        8.693782E-06        1.085053E-06         1        2.980419E-01
         3        0.000000E+00        1.197436E-05        0.000000E+00         0        3.976114E-01
         3        2.443846E-05        1.651279E-05        2.633513E-06         1        5.221193E-01
         3        0.000000E+00        6.443177E-06        0.000000E+00         0        1.122247E-01
         3        6.899637E-06        6.885482E-06        3.449819E-07         1        1.489685E-01
         3        1.312132E-06        2.176140E-06        8.974299E-07         1        8.481143E-02
         3        7.038711E-06        6.443177E-06        3.841360E-07         1        1.122247E-01
         3        6.633835E-06        6.885482E-06        5.299733E-07         1        1.489685E-01
         3        5.366910E-06        6.708702E-06        6.715644E-07         1        1.812507E-01
         3        7.391130E-06        6.932309E-06        2.297739E-06         1        2.158610E-01
