3.200898811337831376e+03 1.277783441571830967e-17
3.203020023343446610e+03 1.263041199826622292e-17
3.205141235349061844e+03 1.246129869744129356e-17
3.207262447354677079e+03 1.248697496861859526e-17
3.209383659360292313e+03 1.251300588301079043e-17
3.211504871365907547e+03 1.246067830083664237e-17
3.213626083371522782e+03 1.231023562882802836e-17
3.215747295377138016e+03 1.194968857690470062e-17
3.217868507382753251e+03 1.144235794337520115e-17
3.219989719388368485e+03 1.113888179267956375e-17
3.222110931393983719e+03 1.092655399365867941e-17
3.224232143399598954e+03 1.069324479805319737e-17
3.226353355405214188e+03 1.066608006225282385e-17
3.228474567410829422e+03 1.067708747325906893e-17
3.230595779416444657e+03 1.050601289166907761e-17
3.232716991422059891e+03 1.025930380233889333e-17
3.234838203427675126e+03 1.008291228707140379e-17
3.236959415433290360e+03 9.869709551978775295e-18
3.239080627438905594e+03 9.700697354430625091e-18
3.241201839444520829e+03 9.704013574279192616e-18
3.243323051450136063e+03 9.580169796286430376e-18
3.245444263455751297e+03 9.425956707661284864e-18
3.247565475461366532e+03 9.235558522940001004e-18
3.249686687466981766e+03 8.943318065043316213e-18
3.251807899472597001e+03 8.789702824263827961e-18
3.253929111478212235e+03 8.663468672107453221e-18
3.256050323483827469e+03 8.570859972034078812e-18
3.258171535489442704e+03 8.548420786777741740e-18
3.260292747495057938e+03 8.521020340990254471e-18
3.262413959500673172e+03 8.250433131632137589e-18
3.264535171506288407e+03 8.102729204870551828e-18
3.266656383511903641e+03 8.045995851262598807e-18
3.268777595517518876e+03 8.023643490665007309e-18
3.270898807523133655e+03 7.927830416849060917e-18
3.273020019528748890e+03 7.629546411079258787e-18
3.275141231534364124e+03 7.723592088778104597e-18
3.277262443539979358e+03 7.724194396501898819e-18
3.279383655545594593e+03 7.453081726653553747e-18
3.281504867551209827e+03 7.436393559055206714e-18
3.283626079556825061e+03 7.181633576196928597e-18
3.285747291562440296e+03 7.020496576516233630e-18
3.287868503568055530e+03 7.240151635857672079e-18
3.289989715573670765e+03 7.012977486729796273e-18
3.292110927579285999e+03 6.716845547012760846e-18
3.294232139584901233e+03 6.756296336665563210e-18
3.296353351590516468e+03 6.823345647164449207e-18
3.298474563596131702e+03 6.749153543968624572e-18
3.300595775601746936e+03 6.492845407124458154e-18
3.302716987607362171e+03 6.386216572928926117e-18
3.304838199612977405e+03 6.396667603938193288e-18
3.306959411618592640e+03 6.225417295729968995e-18
3.309080623624207874e+03 6.218138626101235844e-18
3.311201835629823108e+03 6.215818552806893558e-18
3.313323047635438343e+03 6.086181147820424980e-18
3.315444259641053577e+03 5.889139997163715561e-18
3.317565471646668811e+03 5.807792544565240666e-18
3.319686683652284046e+03 5.619558267518158335e-18
3.321807895657899280e+03 5.954821386029881152e-18
3.323929107663514515e+03 5.878511238915232642e-18
3.326050319669129749e+03 5.748616529596140640e-18
3.328171531674744983e+03 5.691346314074435909e-18
3.330292743680360218e+03 5.524785855698967026e-18
3.332413955685975452e+03 5.376071070078116989e-18
3.334535167691590686e+03 5.340537648696217306e-18
3.336656379697205921e+03 5.341572674485862255e-18
3.338777591702821155e+03 5.273748245648057616e-18
3.340898803708436390e+03 4.908711777140233248e-18
3.343020015714051624e+03 4.850905169129772798e-18
3.345141227719666858e+03 5.061129773561491535e-18
3.347262439725282093e+03 4.937733565004774938e-18
3.349383651730897327e+03 4.632036462475181330e-18
3.351504863736512561e+03 4.603981286005867195e-18
3.353626075742127796e+03 4.656855367388045648e-18
3.355747287747743030e+03 4.714181667294415969e-18
3.357868499753358265e+03 4.677731792357308974e-18
3.359989711758973499e+03 4.496236769580495421e-18
3.362110923764588733e+03 4.461483255770741506e-18
3.364232135770203968e+03 4.397543598156975058e-18
3.366353347775819202e+03 4.302834047519603023e-18
3.368474559781434436e+03 4.189735261894500452e-18
3.370595771787049671e+03 4.402938545247887061e-18
3.372716983792664905e+03 4.577274363899742808e-18
3.374838195798280140e+03 4.123492480767483556e-18
3.376959407803895374e+03 3.947049530290908660e-18
3.379080619809510608e+03 4.148629217214012858e-18
3.381201831815125843e+03 4.115939304358872222e-18
3.383323043820741077e+03 4.014990033575065750e-18
3.385444255826356311e+03 3.893020519260787047e-18
3.387565467831971546e+03 3.744199907857297331e-18
3.389686679837586780e+03 3.646733710010895925e-18
3.391807891843202015e+03 3.584936559685060457e-18
3.393929103848817249e+03 3.613386863970890640e-18
3.396050315854432483e+03 3.866027217216300739e-18
3.398171527860047718e+03 3.751131815114099369e-18
3.400292739865662952e+03 3.389755730884441465e-18
3.402413951871278186e+03 3.593288509327569350e-18
3.404535163876893421e+03 3.613389066039557266e-18
3.406656375882508655e+03 3.272843981060939296e-18
3.408777587888123890e+03 3.335845555533633095e-18
3.410898799893739124e+03 3.375230145480126103e-18
3.413020011899354358e+03 3.424044692171137087e-18
3.415141223904969593e+03 3.475331722158308187e-18
3.417262435910584827e+03 3.168758460397468366e-18
3.419383647916200061e+03 3.099438598927927207e-18
3.421504859921815296e+03 3.366624281157729661e-18
3.423626071927430530e+03 3.318381806773822894e-18
3.425747283933045765e+03 3.032415822199119771e-18
3.427868495938660999e+03 3.044095933210748905e-18
3.429989707944276233e+03 3.224992108623735226e-18
3.432110919949891468e+03 3.350344510195365873e-18
3.434232131955506702e+03 3.302373754496418910e-18
3.436353343961121936e+03 3.059465346769626746e-18
3.438474555966737171e+03 3.006319496012396769e-18
3.440595767972352405e+03 3.052916508736929753e-18
3.442716979977967640e+03 2.871075455417304941e-18
3.444838191983582874e+03 2.803400284521084691e-18
3.446959403989198108e+03 2.882807967409581929e-18
3.449080615994813343e+03 2.735991715344684947e-18
3.451201828000428577e+03 2.721537848494330130e-18
3.453323040006043811e+03 2.883894506983700187e-18
3.455444252011659046e+03 2.911708189415359120e-18
3.457565464017274280e+03 2.699889448889978803e-18
3.459686676022889515e+03 2.447641915667043989e-18
3.461807888028504749e+03 2.599856346704393109e-18
3.463929100034119983e+03 2.916904033101304458e-18
3.466050312039735218e+03 2.703832591914446666e-18
3.468171524045350452e+03 2.511744639318252857e-18
3.470292736050965686e+03 2.638836959117038429e-18
3.472413948056580921e+03 2.604719316983964353e-18
3.474535160062196155e+03 2.755202540703660892e-18
3.476656372067811390e+03 2.680432492567553549e-18
3.478777584073426624e+03 2.436267172087031509e-18
3.480898796079041858e+03 2.485357711236791159e-18
3.483020008084657093e+03 2.465159897255236707e-18
3.485141220090272327e+03 2.310147184304707460e-18
3.487262432095887561e+03 2.231829818911986359e-18
3.489383644101502796e+03 2.189121904374364091e-18
3.491504856107118030e+03 2.391099326331872841e-18
3.493626068112733265e+03 2.468299947157583530e-18
3.495747280118348499e+03 2.342243445900996960e-18
3.497868492123963733e+03 2.319475847307230413e-18
3.499989704129578968e+03 2.317656893054295213e-18
3.502110916135194202e+03 2.363320737316959618e-18
3.504232128140809436e+03 2.396123998888991621e-18
3.506353340146424671e+03 2.403210490365035025e-18
3.508474552152039905e+03 2.342183521576540711e-18
3.510595764157655140e+03 2.343737822433363316e-18
3.512716976163270374e+03 2.433333720740474638e-18
3.514838188168885608e+03 2.318785680999383906e-18
3.516959400174500843e+03 2.099934033366271613e-18
3.519080612180116077e+03 2.143771410347394244e-18
3.521201824185731311e+03 2.287715851171455181e-18
3.523323036191346546e+03 2.149806322198455507e-18
3.525444248196961780e+03 1.923776962822305744e-18
3.527565460202577015e+03 1.957081649322052815e-18
3.529686672208192249e+03 2.031296116749851808e-18
3.531807884213807483e+03 2.205220602476516395e-18
3.533929096219422718e+03 2.415197805190527395e-18
3.536050308225037952e+03 2.342639845728407982e-18
3.538171520230653186e+03 2.195825166835414023e-18
3.540292732236268421e+03 2.270160885021832709e-18
3.542413944241883655e+03 2.197741097893917710e-18
3.544535156247498890e+03 2.123681558142138188e-18
3.546656368253114124e+03 2.220734449191969498e-18
3.548777580258729358e+03 2.182658511704023977e-18
3.550898792264344593e+03 2.055547356013769828e-18
3.553020004269959827e+03 2.174404516488383028e-18
3.555141216275575061e+03 2.409830566698656588e-18
3.557262428281190296e+03 2.048108616242174597e-18
3.559383640286805530e+03 1.697164686127375392e-18
3.561504852292420765e+03 1.714667343450700201e-18
3.563626064298035999e+03 1.943659241983183878e-18
3.565747276303651233e+03 2.035732140218593065e-18
3.567868488309266468e+03 2.018699036712934409e-18
3.569989700314881702e+03 2.006190876346467880e-18
3.572110912320496936e+03 1.793642041342818901e-18
3.574232124326112171e+03 1.600653263740526565e-18
3.576353336331727405e+03 1.849894367678793719e-18
3.578474548337342640e+03 2.152061834490830238e-18
3.580595760342957874e+03 1.907348983975689524e-18
3.582716972348573108e+03 1.702152884914507638e-18
3.584838184354188343e+03 1.894395053246505881e-18
3.586959396359803577e+03 1.929958530413867730e-18
3.589080608365418811e+03 1.664150476799310026e-18
3.591201820371034046e+03 1.703785579517385598e-18
3.593323032376649280e+03 1.880537534829845156e-18
3.595444244382264515e+03 1.766714110316443791e-18
3.597565456387879749e+03 1.715037993294791755e-18
3.599686668393494983e+03 1.769363979076354894e-18
3.601807880399110218e+03 1.827214472209233846e-18
3.603929092404725452e+03 1.806730501988728667e-18
3.606050304410340686e+03 1.578553682240835945e-18
3.608171516415955921e+03 1.491213525834255143e-18
3.610292728421571155e+03 1.828544326670176679e-18
3.612413940427186390e+03 1.888679364929835083e-18
3.614535152432801624e+03 1.435108020233192064e-18
3.616656364438416858e+03 1.487224867879722845e-18
3.618777576444032093e+03 1.485697529416014741e-18
3.620898788449647327e+03 1.571075257814274907e-18
3.623020000455262561e+03 1.569398976290404555e-18
3.625141212460877796e+03 1.394535558394760960e-18
3.627262424466493030e+03 1.590569787460285333e-18
3.629383636472108265e+03 1.878558511077041929e-18
3.631504848477723499e+03 1.907002120049170459e-18
3.633626060483338733e+03 1.866746951491265093e-18
3.635747272488953968e+03 1.751922327733038013e-18
3.637868484494569202e+03 1.519976326362338866e-18
3.639989696500184436e+03 1.452783564962399192e-18
3.642110908505799671e+03 1.682309215066573058e-18
3.644232120511414905e+03 1.737729601964541643e-18
3.646353332517030140e+03 1.541922596665269518e-18
3.648474544522645374e+03 1.595886970677624641e-18
3.650595756528260608e+03 1.534986441005959302e-18
3.652716968533875843e+03 1.363375117281871583e-18
3.654838180539491077e+03 1.326281814091881964e-18
3.656959392545106311e+03 1.355748234039934661e-18
3.659080604550721546e+03 1.429414677571416418e-18
3.661201816556336780e+03 1.598986532218977535e-18
3.663323028561952015e+03 1.605629628279111177e-18
3.665444240567567249e+03 1.811943311198794454e-18
3.667565452573182483e+03 1.835854828473039150e-18
3.669686664578797718e+03 1.672416496042132584e-18
3.671807876584412952e+03 1.472897373589550798e-18
3.673929088590028186e+03 1.364029773010128457e-18
3.676050300595643421e+03 1.556360080193426920e-18
3.678171512601258655e+03 1.395602611265381384e-18
3.680292724606873890e+03 1.377330521895793074e-18
3.682413936612489124e+03 1.635804223265473337e-18
3.684535148618104358e+03 1.794420120705532384e-18
3.686656360623719593e+03 1.673292837922597984e-18
3.688777572629334827e+03 1.566251669680852314e-18
3.690898784634950061e+03 1.540260556801793150e-18
3.693019996640565296e+03 1.702795787797141541e-18
3.695141208646180530e+03 1.714527815148895740e-18
3.697262420651795765e+03 1.714433458826503717e-18
3.699383632657410999e+03 1.709076042773010286e-18
3.701504844663026233e+03 1.431021432022985309e-18
3.703626056668641468e+03 1.296273314321844427e-18
3.705747268674256702e+03 1.534001955297483565e-18
3.707868480679871936e+03 1.571266752237182878e-18
3.709989692685487171e+03 1.571009051526287936e-18
3.712110904691102405e+03 1.580300957940685676e-18
3.714232116696717640e+03 1.431973918680020468e-18
3.716353328702332874e+03 1.545670148232133090e-18
3.718474540707948108e+03 1.647241443502053088e-18
3.720595752713563343e+03 1.590421721212181032e-18
3.722716964719178577e+03 1.275484595963091715e-18
3.724838176724793811e+03 1.241024620702059779e-18
3.726959388730409046e+03 1.466791377919914849e-18
3.729080600736024280e+03 1.515674874334058194e-18
3.731201812741639515e+03 1.597699289411469793e-18
3.733323024747254749e+03 1.614580208623818422e-18
3.735444236752869983e+03 1.489459617449690864e-18
3.737565448758485218e+03 1.449027142131695747e-18
3.739686660764100452e+03 1.661791399482841558e-18
3.741807872769715686e+03 1.587817587046394813e-18
3.743929084775330921e+03 1.224410646193620881e-18
3.746050296780946155e+03 1.367566316454071615e-18
3.748171508786561390e+03 1.796259974517441687e-18
3.750292720792176624e+03 1.678205989919736224e-18
3.752413932797791858e+03 1.382371932594786031e-18
3.754535144803407093e+03 1.385726516222968655e-18
3.756656356809022327e+03 1.487000554048766412e-18
3.758777568814637561e+03 1.539401617996116794e-18
3.760898780820252796e+03 1.516471114085583038e-18
3.763019992825868030e+03 1.314596446731051582e-18
3.765141204831482355e+03 1.248465394760150906e-18
3.767262416837097589e+03 1.334450192720552683e-18
3.769383628842712824e+03 1.469317399466193321e-18
3.771504840848328058e+03 1.581873306877457131e-18
3.773626052853943293e+03 1.408749939436897776e-18
3.775747264859558527e+03 1.465982759075035713e-18
3.777868476865173761e+03 1.638563336371284389e-18
3.779989688870788996e+03 1.484336117581418538e-18
3.782110900876404230e+03 1.591435870340251283e-18
3.784232112882019464e+03 1.808048676868466062e-18
3.786353324887634699e+03 1.476607659282290101e-18
3.788474536893249933e+03 1.336879783974924793e-18
3.790595748898865168e+03 1.704290321268244299e-18
3.792716960904480402e+03 1.708117905134689114e-18
3.794838172910095636e+03 1.376035600267689114e-18
3.796959384915710871e+03 1.415699529664045410e-18
3.799080596921326105e+03 1.441377114438603752e-18
3.801201808926941339e+03 1.326034606227373577e-18
3.803323020932556574e+03 1.541153165532831464e-18
3.805444232938171808e+03 1.607331152819024719e-18
3.807565444943787043e+03 1.591758702070729421e-18
3.809686656949402277e+03 1.703766669148639327e-18
3.811807868955017511e+03 1.542448069545842434e-18
3.813929080960632746e+03 1.397110752353262420e-18
3.816050292966247980e+03 1.427310295241953406e-18
3.818171504971863214e+03 1.526269921461003584e-18
3.820292716977478449e+03 1.503795108561309040e-18
3.822413928983093683e+03 1.317391122646402786e-18
3.824535140988708918e+03 1.517265195435925450e-18
3.826656352994324152e+03 1.500580595206895822e-18
3.828777564999939386e+03 1.240740703327272200e-18
3.830898777005554621e+03 1.353517443950397197e-18
3.833019989011169855e+03 1.454239192312093859e-18
3.835141201016785089e+03 1.377751758101472035e-18
3.837262413022400324e+03 1.282013646551077393e-18
3.839383625028015558e+03 1.233050245462125822e-18
3.841504837033630793e+03 1.468529900576675509e-18
3.843626049039246027e+03 1.382030792420780489e-18
3.845747261044861261e+03 1.346671753942536184e-18
3.847868473050476496e+03 1.574647681529846558e-18
3.849989685056091730e+03 1.449786882165870555e-18
3.852110897061706964e+03 1.552874931508329138e-18
3.854232109067322199e+03 1.607639927870677372e-18
3.856353321072937433e+03 1.406521613348496913e-18
3.858474533078552668e+03 1.445858496392937156e-18
3.860595745084167902e+03 1.327817466338063049e-18
3.862716957089783136e+03 1.306122168707237998e-18
3.864838169095398371e+03 1.443385927947171569e-18
3.866959381101013605e+03 1.493532481766386240e-18
3.869080593106628839e+03 1.487621999630009146e-18
3.871201805112244074e+03 1.483985907994126929e-18
3.873323017117859308e+03 1.501440974535922400e-18
3.875444229123474543e+03 1.503361359670769581e-18
3.877565441129089777e+03 1.541885144675431850e-18
3.879686653134705011e+03 1.477825059657961939e-18
3.881807865140320246e+03 1.353584261238109999e-18
3.883929077145935480e+03 1.452879109976231854e-18
3.886050289151550714e+03 1.496438896938327006e-18
3.888171501157165949e+03 1.376928296605389642e-18
3.890292713162781183e+03 1.327065883967383804e-18
3.892413925168396418e+03 1.463139014875859363e-18
3.894535137174011652e+03 1.340124149413204367e-18
3.896656349179626886e+03 1.470349871005218104e-18
3.898777561185242121e+03 1.578583924300101854e-18
3.900898773190857355e+03 1.497447018452018747e-18
3.903019985196472589e+03 1.457056006408052564e-18
3.905141197202087824e+03 1.444928205335929288e-18
3.907262409207703058e+03 1.658824710788923408e-18
3.909383621213318293e+03 1.608125884031748257e-18
3.911504833218933527e+03 1.405488025304796464e-18
3.913626045224548761e+03 1.483870453289762980e-18
3.915747257230163996e+03 1.565501554564835999e-18
3.917868469235779230e+03 1.510816713011015881e-18
3.919989681241394464e+03 1.343300928305527471e-18
3.922110893247009699e+03 1.199106619016045798e-18
3.924232105252624933e+03 1.340984064271313216e-18
3.926353317258240168e+03 1.360966646301790751e-18
3.928474529263855402e+03 1.321386103338415325e-18
3.930595741269470636e+03 1.342596423577348038e-18
3.932716953275085871e+03 1.446744782831426068e-18
3.934838165280701105e+03 1.430714947406630370e-18
3.936959377286316339e+03 1.415302294217351398e-18
3.939080589291931574e+03 1.481852288519331507e-18
3.941201801297546808e+03 1.504725575347324871e-18
3.943323013303162043e+03 1.530718743815932707e-18
3.945444225308777277e+03 1.497587560379287697e-18
3.947565437314392511e+03 1.441775194578923244e-18
3.949686649320007746e+03 1.504303597456099240e-18
3.951807861325622980e+03 1.562896783261695323e-18
3.953929073331238214e+03 1.472442018870586179e-18
3.956050285336853449e+03 1.334290309894927367e-18
3.958171497342468683e+03 1.320854371328008263e-18
3.960292709348083918e+03 1.496130782181864210e-18
3.962413921353699152e+03 1.524035882840811083e-18
3.964535133359314386e+03 1.469023651046844203e-18
3.966656345364929621e+03 1.466751886921354751e-18
3.968777557370544855e+03 1.454950239750758568e-18
3.970898769376160089e+03 1.372503762161906242e-18
3.973019981381775324e+03 1.153489556979159707e-18
3.975141193387390558e+03 1.146395848540683886e-18
3.977262405393005793e+03 1.312695692128277015e-18
3.979383617398621027e+03 1.386723762519046599e-18
3.981504829404236261e+03 1.340415947084696427e-18
3.983626041409851496e+03 1.415188923024139207e-18
3.985747253415466730e+03 1.477796632590030647e-18
3.987868465421081964e+03 1.473940757396191572e-18
3.989989677426697199e+03 1.326928858796009884e-18
3.992110889432312433e+03 1.228657608384425497e-18
3.994232101437927668e+03 1.171716296064184848e-18
3.996353313443542902e+03 1.339450923231646175e-18
3.998474525449158136e+03 1.500824699302070314e-18
4.000595737454773371e+03 1.451102057558988960e-18
4.002716949460388605e+03 1.373427603053604138e-18
4.004838161466003839e+03 1.358870311914470976e-18
4.006959373471619074e+03 1.476757911619962517e-18
4.009080585477234308e+03 1.465422182430439097e-18
4.011201797482849543e+03 1.548643042484203417e-18
4.013323009488464777e+03 1.631261976259495490e-18
4.015444221494080011e+03 1.462577374952169811e-18
4.017565433499695246e+03 1.488786327116708730e-18
4.019686645505310480e+03 1.459224572934779297e-18
4.021807857510925714e+03 1.390174357355327149e-18
4.023929069516540949e+03 1.508793169485450427e-18
4.026050281522156183e+03 1.357113268718767337e-18
4.028171493527771418e+03 1.223618700884715654e-18
4.030292705533386652e+03 1.275254486381956143e-18
4.032413917539001886e+03 1.358390220493190141e-18
4.034535129544617121e+03 1.366618057882733234e-18
4.036656341550232355e+03 1.297633139928738440e-18
4.038777553555847589e+03 1.532190883726277112e-18
4.040898765561462824e+03 1.518152288329238130e-18
4.043019977567078058e+03 1.288332953810755506e-18
4.045141189572693293e+03 1.440118467924424836e-18
4.047262401578308527e+03 1.429560690574158702e-18
4.049383613583923761e+03 1.174779072992301107e-18
4.051504825589538996e+03 1.118171473610724166e-18
4.053626037595154230e+03 1.229749407873009375e-18
4.055747249600769464e+03 1.379065585506399146e-18
4.057868461606384699e+03 1.524889207709378068e-18
4.059989673611999933e+03 1.516677071741985558e-18
4.062110885617615168e+03 1.471176249725391432e-18
4.064232097623230402e+03 1.356618413253651645e-18
4.066353309628845636e+03 1.266550067185003010e-18
4.068474521634460871e+03 1.496070620435416965e-18
4.070595733640076105e+03 1.553346178735674197e-18
4.072716945645691339e+03 1.553056730312469810e-18
4.074838157651306574e+03 1.510782650820354867e-18
4.076959369656921808e+03 1.386898755621648670e-18
4.079080581662537043e+03 1.504643051085290880e-18
4.081201793668152277e+03 1.588421257618532608e-18
4.083323005673767511e+03 1.525296785520728433e-18
4.085444217679382746e+03 1.488836243308972078e-18
4.087565429684997980e+03 1.596327261071000012e-18
4.089686641690613214e+03 1.579705544617065080e-18
4.091807853696228449e+03 1.403201657240697578e-18
4.093929065701843683e+03 1.448923568770824437e-18
4.096050277707458918e+03 1.494697798092338064e-18
4.098171489713074152e+03 1.467713592678395589e-18
4.100292701718689386e+03 1.418350284853833001e-18
4.102413913724304621e+03 1.464984150361713968e-18
4.104535125729919855e+03 1.673631085290317747e-18
4.106656337735535089e+03 1.698872786184556187e-18
4.108777549741150324e+03 1.459582450114553905e-18
4.110898761746765558e+03 1.372251677166720056e-18
4.113019973752380793e+03 1.464487657297528411e-18
4.115141185757996027e+03 1.507473680523391489e-18
4.117262397763611261e+03 1.576064134600184941e-18
4.119383609769226496e+03 1.474197138862297815e-18
4.121504821774841730e+03 1.343757088678187356e-18
4.123626033780456964e+03 1.289862329099607114e-18
4.125747245786072199e+03 1.350271524149532647e-18
4.127868457791687433e+03 1.347960882192826325e-18
4.129989669797302668e+03 1.353996431502987131e-18
4.132110881802917902e+03 1.542811097047199299e-18
4.134232093808533136e+03 1.632224712406938257e-18
4.136353305814148371e+03 1.484555600125835804e-18
4.138474517819763605e+03 1.396160106373752909e-18
4.140595729825378839e+03 1.332339512184102286e-18
4.142716941830994074e+03 1.299683220703756516e-18
4.144838153836609308e+03 1.416660549825000356e-18
4.146959365842224543e+03 1.424808601332010743e-18
4.149080577847839777e+03 1.559659073878328749e-18
4.151201789853455011e+03 1.507632010947257312e-18
4.153323001859070246e+03 1.428388333320457360e-18
4.155444213864685480e+03 1.433508639358754278e-18
4.157565425870300714e+03 1.230247835200277462e-18
4.159686637875915949e+03 1.305912968180379925e-18
4.161807849881531183e+03 1.528583999347262291e-18
4.163929061887146418e+03 1.432100566385457434e-18
4.166050273892761652e+03 1.290731918245831720e-18
4.168171485898376886e+03 1.390286556960282785e-18
4.170292697903992121e+03 1.411055042611962457e-18
4.172413909909607355e+03 1.405570336939768275e-18
4.174535121915222589e+03 1.434121182886242320e-18
4.176656333920837824e+03 1.520869222872381293e-18
4.178777545926453058e+03 1.576375845812621996e-18
4.180898757932068293e+03 1.461688969430293185e-18
4.183019969937683527e+03 1.373114850427114050e-18
4.185141181943298761e+03 1.228273862506591722e-18
4.187262393948913996e+03 1.164051889971686378e-18
4.189383605954529230e+03 1.315700743031856691e-18
4.191504817960144464e+03 1.359178140829846593e-18
4.193626029965759699e+03 1.377809544039849539e-18
4.195747241971374933e+03 1.498889309247259450e-18
4.197868453976990168e+03 1.425404623206048830e-18
4.199989665982604492e+03 1.155171917743488761e-18
4.202110877988219727e+03 1.236323931580922872e-18
4.204232089993834961e+03 1.402059924425643002e-18
4.206353301999450196e+03 1.384696525487075693e-18
4.208474514005065430e+03 1.209519110406749737e-18
4.210595726010680664e+03 1.163164954383325293e-18
4.212716938016295899e+03 1.263469076764187551e-18
4.214838150021911133e+03 1.237000808936492204e-18
4.216959362027526367e+03 1.260170824527118905e-18
4.219080574033141602e+03 1.223595843897502005e-18
4.221201786038756836e+03 1.310786730030979296e-18
4.223322998044372071e+03 1.342003926842869126e-18
4.225444210049987305e+03 1.242398728255961715e-18
4.227565422055602539e+03 1.366964088366187717e-18
4.229686634061217774e+03 1.439271960167199976e-18
4.231807846066833008e+03 1.494937181019072676e-18
4.233929058072448242e+03 1.437152071045365751e-18
4.236050270078063477e+03 1.266052190156210115e-18
4.238171482083678711e+03 1.307831611574791920e-18
4.240292694089293946e+03 1.339959357405188969e-18
4.242413906094909180e+03 1.273280955566001108e-18
4.244535118100524414e+03 1.265203716243549782e-18
4.246656330106139649e+03 1.428612589030099233e-18
4.248777542111754883e+03 1.440006450978448614e-18
4.250898754117370117e+03 1.120760204945473955e-18
4.253019966122985352e+03 1.110791747496112805e-18
4.255141178128600586e+03 1.121092642831610357e-18
4.257262390134215821e+03 1.268259693614718335e-18
4.259383602139831055e+03 1.321094151581195543e-18
4.261504814145446289e+03 1.294784480720321035e-18
4.263626026151061524e+03 1.308837347523238554e-18
4.265747238156676758e+03 1.412905644015527901e-18
4.267868450162291992e+03 1.306827552869306595e-18
4.269989662167907227e+03 1.213860084906999763e-18
4.272110874173522461e+03 1.335604096281458226e-18
4.274232086179137696e+03 1.344594234911291517e-18
4.276353298184752930e+03 1.182032514400599272e-18
4.278474510190368164e+03 1.165057002985196869e-18
4.280595722195983399e+03 1.215447216575649467e-18
4.282716934201598633e+03 1.178597624149629549e-18
4.284838146207213867e+03 1.234996575545376052e-18
4.286959358212829102e+03 1.328716338125338902e-18
4.289080570218444336e+03 1.319755037786759677e-18
4.291201782224059571e+03 1.163439987845290134e-18
4.293322994229674805e+03 1.199126323843588126e-18
4.295444206235290039e+03 1.287247340314950952e-18
4.297565418240905274e+03 1.176102765359182348e-18
4.299686630246520508e+03 1.215288759219910726e-18
4.301807842252135742e+03 1.361167647614861765e-18
4.303929054257750977e+03 1.359183441757207624e-18
4.306050266263366211e+03 1.296241218520647492e-18
4.308171478268981446e+03 1.385059565764810491e-18
4.310292690274596680e+03 1.444582573767061245e-18
4.312413902280211914e+03 1.302957921054042921e-18
4.314535114285827149e+03 1.159081476886331217e-18
4.316656326291442383e+03 1.258974449018078211e-18
4.318777538297057617e+03 1.438012880923347619e-18
4.320898750302672852e+03 1.342696619874144290e-18
4.323019962308288086e+03 1.264453386284942338e-18
4.325141174313903321e+03 1.522541809307173202e-18
4.327262386319518555e+03 1.631611123414808093e-18
4.329383598325133789e+03 1.523618982423453238e-18
4.331504810330749024e+03 1.516031892735002259e-18
4.333626022336364258e+03 1.528358027651313441e-18
4.335747234341979492e+03 1.424675684111545666e-18
4.337868446347594727e+03 1.288281706532923035e-18
4.339989658353209961e+03 1.343065411816485650e-18
4.342110870358825196e+03 1.293746626053029990e-18
4.344232082364440430e+03 1.159223545505042119e-18
4.346353294370055664e+03 1.433139081520551540e-18
4.348474506375670899e+03 1.517169982038174439e-18
4.350595718381286133e+03 1.286426177202049671e-18
4.352716930386901367e+03 1.420243554386520114e-18
4.354838142392516602e+03 1.564517360666929320e-18
4.356959354398131836e+03 1.619061106141091209e-18
4.359080566403747071e+03 1.583728402125017771e-18
4.361201778409362305e+03 1.485396683789421120e-18
4.363322990414977539e+03 1.285071577067117339e-18
4.365444202420592774e+03 1.091857792794533299e-18
4.367565414426208008e+03 9.977049728316742970e-19
4.369686626431823242e+03 1.263349229825890076e-18
4.371807838437438477e+03 1.304044548264606166e-18
4.373929050443053711e+03 1.236149398684263200e-18
4.376050262448668946e+03 1.233194896662385380e-18
4.378171474454284180e+03 1.340896566405699423e-18
4.380292686459899414e+03 1.320153743976243067e-18
4.382413898465514649e+03 1.274479737873924932e-18
4.384535110471129883e+03 1.356270134908507625e-18
4.386656322476745117e+03 1.250578809697519783e-18
4.388777534482360352e+03 1.118278243640762363e-18
4.390898746487975586e+03 1.196009093456745553e-18
4.393019958493590821e+03 1.237143783952668279e-18
4.395141170499206055e+03 1.273439627475144123e-18
4.397262382504821289e+03 1.268268307531992245e-18
4.399383594510436524e+03 1.304548943798228068e-18
4.401504806516051758e+03 1.401036493550019011e-18
4.403626018521666992e+03 1.391731506780356844e-18
4.405747230527282227e+03 1.346393689421696477e-18
4.407868442532897461e+03 1.321677803148162026e-18
4.409989654538512696e+03 1.296329169443384384e-18
4.412110866544127930e+03 1.246226022501285286e-18
4.414232078549743164e+03 1.200215373436689135e-18
4.416353290555358399e+03 1.304762362554056042e-18
4.418474502560973633e+03 1.211676353302237560e-18
4.420595714566588867e+03 1.195268971444397552e-18
4.422716926572204102e+03 1.392021760347941628e-18
4.424838138577819336e+03 1.334632842629075944e-18
4.426959350583434571e+03 1.266673894495420394e-18
4.429080562589049805e+03 1.153499929028716634e-18
4.431201774594665039e+03 1.230454309243628967e-18
4.433322986600280274e+03 1.286783700556033872e-18
4.435444198605895508e+03 1.111888344623581111e-18
4.437565410611510742e+03 1.350703077355708015e-18
4.439686622617125977e+03 1.474324571638191278e-18
4.441807834622741211e+03 1.323188785396300444e-18
4.443929046628356446e+03 1.327551229355180086e-18
4.446050258633971680e+03 1.203014744137339822e-18
4.448171470639586914e+03 1.070218480021988294e-18
4.450292682645202149e+03 1.029268842483467378e-18
4.452413894650817383e+03 1.076122520309395597e-18
4.454535106656432617e+03 1.339601060824842450e-18
4.456656318662047852e+03 1.306953172887576517e-18
4.458777530667663086e+03 1.125865927758031472e-18
4.460898742673278321e+03 1.207310750355406751e-18
4.463019954678893555e+03 1.236161599892173696e-18
4.465141166684508789e+03 1.116243818691037362e-18
4.467262378690124024e+03 1.093243117348987556e-18
4.469383590695739258e+03 1.281347068322346331e-18
4.471504802701354492e+03 1.389532642778315036e-18
4.473626014706969727e+03 1.204291692487698193e-18
4.475747226712584961e+03 1.058271049182880792e-18
4.477868438718200196e+03 1.252952463452519033e-18
4.479989650723815430e+03 1.344064480394884653e-18
4.482110862729430664e+03 1.196809352915807283e-18
4.484232074735045899e+03 1.156099621853896702e-18
4.486353286740661133e+03 1.252056373379057030e-18
4.488474498746276367e+03 1.303502967306830475e-18
4.490595710751891602e+03 1.357010104266687616e-18
4.492716922757506836e+03 1.340981048043995578e-18
4.494838134763122071e+03 1.185577785236827121e-18
4.496959346768737305e+03 1.146682791088658198e-18
4.499080558774352539e+03 1.285645821930213123e-18
4.501201770779967774e+03 1.291517452718714871e-18
4.503322982785583008e+03 1.199343316430398914e-18
4.505444194791198242e+03 1.262775788579581561e-18
4.507565406796813477e+03 1.341229579790079939e-18
4.509686618802428711e+03 1.321380421639560124e-18
4.511807830808043946e+03 1.313521518743662403e-18
4.513929042813659180e+03 1.323511252946333103e-18
4.516050254819274414e+03 1.364765952212654376e-18
4.518171466824889649e+03 1.386318452375435732e-18
4.520292678830504883e+03 1.268435618085244614e-18
4.522413890836120117e+03 1.189374173842027241e-18
4.524535102841735352e+03 1.259483855904292797e-18
4.526656314847350586e+03 1.174636809897976326e-18
4.528777526852965821e+03 1.175909577462897263e-18
4.530898738858581055e+03 1.316803862782525427e-18
4.533019950864196289e+03 1.308247640702570750e-18
4.535141162869811524e+03 1.277024443542436426e-18
4.537262374875426758e+03 1.186052255453080738e-18
4.539383586881041992e+03 1.213971621125490440e-18
4.541504798886657227e+03 1.294088715399747778e-18
4.543626010892272461e+03 1.200624665009993301e-18
4.545747222897887696e+03 1.112024698193892532e-18
4.547868434903502930e+03 9.636250120184845795e-19
4.549989646909118164e+03 1.027081105113889012e-18
4.552110858914733399e+03 1.305594170028093406e-18
4.554232070920348633e+03 1.403400999842923922e-18
4.556353282925963867e+03 1.286633651727655279e-18
4.558474494931579102e+03 1.180807697629452530e-18
4.560595706937194336e+03 1.204454307850319478e-18
4.562716918942809571e+03 1.333720280636558809e-18
4.564838130948424805e+03 1.269381736626872688e-18
4.566959342954040039e+03 1.187333268980100244e-18
4.569080554959655274e+03 1.172806431949828189e-18
4.571201766965270508e+03 1.035514632196016510e-18
4.573322978970885742e+03 1.107315262909221013e-18
4.575444190976500977e+03 1.273470312894384186e-18
4.577565402982116211e+03 1.176269877143573052e-18
4.579686614987731446e+03 1.212064078769269136e-18
4.581807826993346680e+03 1.284425324850494873e-18
4.583929038998961914e+03 1.328812413271333688e-18
4.586050251004577149e+03 1.357012886148325269e-18
4.588171463010192383e+03 1.199590337428658041e-18
4.590292675015807617e+03 1.145786144831019774e-18
4.592413887021422852e+03 1.149549974015552120e-18
4.594535099027038086e+03 1.027791215528943446e-18
4.596656311032653321e+03 9.424288538875823673e-19
4.598777523038268555e+03 1.007148193029619594e-18
4.600898735043883789e+03 1.148826288632327070e-18
4.603019947049499024e+03 1.242676397087738378e-18
4.605141159055114258e+03 1.097911996315664880e-18
4.607262371060729492e+03 1.060013410654429023e-18
4.609383583066344727e+03 1.156025295947798394e-18
4.611504795071959961e+03 1.138193432504786826e-18
4.613626007077575196e+03 1.205161387088343436e-18
4.615747219083190430e+03 1.303211684639096647e-18
4.617868431088805664e+03 1.344907408960107334e-18
4.619989643094420899e+03 1.301752728394889989e-18
4.622110855100036133e+03 1.217132645944010629e-18
4.624232067105651367e+03 1.224162733373991528e-18
4.626353279111266602e+03 1.283438109816328002e-18
4.628474491116881836e+03 1.340506239521982706e-18
4.630595703122497071e+03 1.342149780571035913e-18
4.632716915128112305e+03 1.247150334088779395e-18
4.634838127133726630e+03 1.242818806137542524e-18
4.636959339139341864e+03 1.308779620297825333e-18
4.639080551144957099e+03 1.216962089999047403e-18
4.641201763150572333e+03 1.152350640615475580e-18
4.643322975156187567e+03 1.253901002582232770e-18
4.645444187161802802e+03 1.182554974910160448e-18
4.647565399167418036e+03 1.161956124979706382e-18
4.649686611173033270e+03 1.156833668712930395e-18
4.651807823178648505e+03 1.083594905624770907e-18
4.653929035184263739e+03 1.181062849114085448e-18
4.656050247189878974e+03 1.138588879191442449e-18
4.658171459195494208e+03 1.124381063292959923e-18
4.660292671201109442e+03 1.191445152022234052e-18
4.662413883206724677e+03 1.165983191755706425e-18
4.664535095212339911e+03 1.027485681790027821e-18
4.666656307217955145e+03 1.140548132917697355e-18
4.668777519223570380e+03 1.320672676865197403e-18
4.670898731229185614e+03 1.239167565667525620e-18
4.673019943234800849e+03 1.073186985037921141e-18
4.675141155240416083e+03 1.035556642134725321e-18
4.677262367246031317e+03 1.167131555069920426e-18
4.679383579251646552e+03 1.211054339557952270e-18
4.681504791257261786e+03 1.254255129824864436e-18
4.683626003262877020e+03 1.257013070840462466e-18
4.685747215268492255e+03 1.085965648039255765e-18
4.687868427274107489e+03 9.599060117870744716e-19
4.689989639279722724e+03 1.082306417433882711e-18
4.692110851285337958e+03 1.217185275826462133e-18
4.694232063290953192e+03 1.218675745788484065e-18
4.696353275296568427e+03 1.139663029392523752e-18
4.698474487302183661e+03 1.129145201424166906e-18
4.700595699307798895e+03 1.250932993019457185e-18
4.702716911313414130e+03 1.246035370329606231e-18
4.704838123319029364e+03 1.201528151382994086e-18
4.706959335324644599e+03 1.213333459540389927e-18
4.709080547330259833e+03 1.091190965204386995e-18
4.711201759335875067e+03 9.247995145877498418e-19
4.713322971341490302e+03 9.893796808064086253e-19
4.715444183347105536e+03 1.239081310966647755e-18
4.717565395352720770e+03 1.252818472903841637e-18
4.719686607358336005e+03 1.102134283805397579e-18
4.721807819363951239e+03 1.133254358265568424e-18
4.723929031369566474e+03 1.235598119199714484e-18
4.726050243375181708e+03 1.277832220227768230e-18
4.728171455380796942e+03 1.175979032463304109e-18
4.730292667386412177e+03 1.007994651868190933e-18
4.732413879392027411e+03 1.143498296983499343e-18
4.734535091397642645e+03 1.223547600287107070e-18
4.736656303403257880e+03 1.148581377536919894e-18
4.738777515408873114e+03 1.128654310559455784e-18
4.740898727414488349e+03 1.138206027600239718e-18
4.743019939420103583e+03 1.136214374149431030e-18
4.745141151425718817e+03 1.112003641537409325e-18
4.747262363431334052e+03 1.195058251443165238e-18
4.749383575436949286e+03 1.256047668756776426e-18
4.751504787442564520e+03 1.189957831116056861e-18
4.753625999448179755e+03 1.127375815437441475e-18
4.755747211453794989e+03 1.034553765736555670e-18
4.757868423459410224e+03 1.022028871976023048e-18
4.759989635465025458e+03 1.066254090281457835e-18
4.762110847470640692e+03 1.079875688755666220e-18
4.764232059476255927e+03 1.041608847631170015e-18
4.766353271481871161e+03 1.052213740663144885e-18
4.768474483487486395e+03 1.138477774305154074e-18
4.770595695493101630e+03 1.042175225309773669e-18
4.772716907498716864e+03 1.032183852094047308e-18
4.774838119504332099e+03 1.139839565544361121e-18
4.776959331509947333e+03 1.167198687050231613e-18
4.779080543515562567e+03 1.224719874267538263e-18
4.781201755521177802e+03 1.155721210044950470e-18
4.783322967526793036e+03 1.183757730783166955e-18
4.785444179532408270e+03 1.149167050499431732e-18
4.787565391538023505e+03 9.384283552085152348e-19
4.789686603543638739e+03 9.872002436455456289e-19
4.791807815549253974e+03 1.174517279238561924e-18
4.793929027554869208e+03 1.233863271534418272e-18
4.796050239560484442e+03 1.187890641747662623e-18
4.798171451566099677e+03 1.243100202723731222e-18
4.800292663571714911e+03 1.330457385610787747e-18
4.802413875577330145e+03 1.206594429970063542e-18
4.804535087582945380e+03 1.061615929247846073e-18
4.806656299588560614e+03 1.008441928625357767e-18
4.808777511594175849e+03 1.133573209999995483e-18
4.810898723599791083e+03 1.182495700882745566e-18
4.813019935605406317e+03 1.178667367040154145e-18
4.815141147611021552e+03 1.192336789981869396e-18
4.817262359616636786e+03 1.202598342608230390e-18
4.819383571622252020e+03 1.206414964832440431e-18
4.821504783627867255e+03 1.164523753261853566e-18
4.823625995633482489e+03 1.186715270660501377e-18
4.825747207639097724e+03 1.222961957201745601e-18
4.827868419644712958e+03 1.237255990714170818e-18
4.829989631650328192e+03 1.293561368217755827e-18
4.832110843655943427e+03 1.158028721930198091e-18
4.834232055661558661e+03 1.169425256757326386e-18
4.836353267667173895e+03 1.296525172674533455e-18
4.838474479672789130e+03 1.210359207790753680e-18
4.840595691678404364e+03 1.224968459937604558e-18
4.842716903684019599e+03 1.257833487145365928e-18
4.844838115689634833e+03 1.201164074578511179e-18
4.846959327695250067e+03 9.744898001654813957e-19
4.849080539700865302e+03 9.242922874055222110e-19
4.851201751706480536e+03 1.203181180509977009e-18
4.853322963712095770e+03 1.194012925538037274e-18
4.855444175717711005e+03 1.117129162829340768e-18
4.857565387723326239e+03 1.289172172961529293e-18
4.859686599728941474e+03 1.270159374551742872e-18
4.861807811734556708e+03 1.142207911950845868e-18
4.863929023740171942e+03 1.288915884428024199e-18
4.866050235745787177e+03 1.355326957293567112e-18
4.868171447751402411e+03 1.211848372918449766e-18
4.870292659757017645e+03 1.010821109281054697e-18
4.872413871762632880e+03 1.012093795828330560e-18
4.874535083768248114e+03 1.174422288779058964e-18
4.876656295773863349e+03 1.242895778301208409e-18
4.878777507779478583e+03 1.240785235050926045e-18
4.880898719785093817e+03 1.109168018446838060e-18
4.883019931790709052e+03 1.052177682250750908e-18
4.885141143796324286e+03 1.165320389121805381e-18
4.887262355801939520e+03 1.206455186492725650e-18
4.889383567807554755e+03 1.179776976930464186e-18
4.891504779813169989e+03 1.105286329902909094e-18
4.893625991818785224e+03 1.111118728994423763e-18
4.895747203824400458e+03 1.195727328140957766e-18
4.897868415830015692e+03 1.199842219605204289e-18
4.899989627835630927e+03 1.110501507286296248e-18
4.902110839841246161e+03 1.021047170239069325e-18
4.904232051846861395e+03 1.066345150535125693e-18
4.906353263852476630e+03 1.171767191521299673e-18
4.908474475858091864e+03 1.159338986923924156e-18
4.910595687863707099e+03 1.055597727460549632e-18
4.912716899869322333e+03 1.042641560162428118e-18
4.914838111874937567e+03 1.095409691487853415e-18
4.916959323880552802e+03 1.152314617907017462e-18
4.919080535886168036e+03 1.166203630846196136e-18
4.921201747891783270e+03 1.101307856807483816e-18
4.923322959897398505e+03 1.017595621765864325e-18
4.925444171903013739e+03 1.086088943088183812e-18
4.927565383908628974e+03 1.113017080545096544e-18
4.929686595914244208e+03 1.129720433524415660e-18
4.931807807919859442e+03 1.197648357305094702e-18
4.933929019925474677e+03 1.220638227521427657e-18
4.936050231931089911e+03 1.257656900699576361e-18
4.938171443936705145e+03 1.261979030767692626e-18
4.940292655942320380e+03 1.244595669813156290e-18
4.942413867947935614e+03 1.161281720043422150e-18
4.944535079953550849e+03 1.102675837963084640e-18
4.946656291959166083e+03 1.205534178682417702e-18
4.948777503964781317e+03 1.152881650183707397e-18
4.950898715970396552e+03 1.113791699168378987e-18
4.953019927976011786e+03 1.120378746449122515e-18
4.955141139981627020e+03 9.662775397969936477e-19
4.957262351987242255e+03 1.031267535588777892e-18
4.959383563992857489e+03 1.097572858612286938e-18
4.961504775998472724e+03 1.123823543689977542e-18
4.963625988004087958e+03 1.144273686207974093e-18
4.965747200009703192e+03 1.183007972129246400e-18
4.967868412015318427e+03 1.140402357428869933e-18
4.969989624020933661e+03 1.093665610589064362e-18
4.972110836026548895e+03 1.122610472618141261e-18
4.974232048032164130e+03 1.123848821681527902e-18
4.976353260037779364e+03 1.137331612136567988e-18
4.978474472043394599e+03 1.104107717899003780e-18
4.980595684049009833e+03 1.146149489383213456e-18
4.982716896054625067e+03 1.064819599892477114e-18
4.984838108060240302e+03 1.041675947582024002e-18
4.986959320065855536e+03 1.012643829200459998e-18
4.989080532071470770e+03 1.004386320356950678e-18
4.991201744077086005e+03 1.152167235386157139e-18
4.993322956082701239e+03 1.150984241210639931e-18
4.995444168088316474e+03 1.179983649766027523e-18
4.997565380093931708e+03 1.178706678720076005e-18
4.999686592099546942e+03 1.152197773168805172e-18
5.001807804105162177e+03 1.207070025967750745e-18
5.003929016110777411e+03 1.211396535610244506e-18
5.006050228116392645e+03 1.173766369207863253e-18
5.008171440122007880e+03 1.134060171235232808e-18
5.010292652127623114e+03 1.214783882810010748e-18
5.012413864133238349e+03 1.300737687198098670e-18
5.014535076138853583e+03 1.232187465148333609e-18
5.016656288144468817e+03 1.214781237857937288e-18
5.018777500150084052e+03 1.161030572551013564e-18
5.020898712155699286e+03 1.157770337253009280e-18
5.023019924161314520e+03 1.198130137528375482e-18
5.025141136166929755e+03 1.232965496023538219e-18
5.027262348172544989e+03 1.178717774751184723e-18
5.029383560178160224e+03 1.118314671789685916e-18
5.031504772183775458e+03 1.230683259025799058e-18
5.033625984189390692e+03 1.207481169431861615e-18
5.035747196195005927e+03 1.170619118803683307e-18
5.037868408200621161e+03 1.240486327586774824e-18
5.039989620206236395e+03 1.288061993645939544e-18
5.042110832211851630e+03 1.223489320777931744e-18
5.044232044217466864e+03 1.174386402404205084e-18
5.046353256223082099e+03 1.154271901581163119e-18
5.048474468228697333e+03 1.021842790417206967e-18
5.050595680234312567e+03 9.921511204097734138e-19
5.052716892239927802e+03 1.068414714646606843e-18
5.054838104245543036e+03 1.143744413306384357e-18
5.056959316251158270e+03 1.155263715569077550e-18
5.059080528256773505e+03 1.123214162661105313e-18
5.061201740262388739e+03 1.174503631088544554e-18
5.063322952268003974e+03 1.231914904545828045e-18
5.065444164273619208e+03 1.245220976731917129e-18
5.067565376279233533e+03 1.173646518950192392e-18
5.069686588284848767e+03 1.029889475582817044e-18
5.071807800290464002e+03 9.796362071030360742e-19
5.073929012296079236e+03 9.887727500239827418e-19
5.076050224301694470e+03 1.021211633459719611e-18
5.078171436307309705e+03 1.013490185042717457e-18
5.080292648312924939e+03 9.504657184707779036e-19
5.082413860318540173e+03 1.017022022489512391e-18
5.084535072324155408e+03 1.132645026431630144e-18
5.086656284329770642e+03 1.129257188152013410e-18
5.088777496335385877e+03 9.834254633227744259e-19
5.090898708341001111e+03 1.014131520128634842e-18
5.093019920346616345e+03 1.067438351678635759e-18
5.095141132352231580e+03 9.391935548934493025e-19
5.097262344357846814e+03 9.286970478562387621e-19
5.099383556363462048e+03 1.122997507967886282e-18
5.101504768369077283e+03 1.197900017908990860e-18
5.103625980374692517e+03 1.074453919356997473e-18
5.105747192380307752e+03 1.057342970885320049e-18
5.107868404385922986e+03 1.078588377226278986e-18
5.109989616391538220e+03 1.042070436077448163e-18
5.112110828397153455e+03 1.008843962987067982e-18
5.114232040402768689e+03 1.047059129631313512e-18
5.116353252408383923e+03 1.084604400133239185e-18
5.118474464413999158e+03 1.088855828642673847e-18
5.120595676419614392e+03 1.076102850472057787e-18
5.122716888425229627e+03 1.158200879364655573e-18
5.124838100430844861e+03 1.228854581462846633e-18
5.126959312436460095e+03 1.110058145514484032e-18
5.129080524442075330e+03 1.099496919059025933e-18
5.131201736447690564e+03 1.071674784345769145e-18
5.133322948453305798e+03 1.149185726641625644e-18
5.135444160458921033e+03 1.182390807284883812e-18
5.137565372464536267e+03 9.486254565162572022e-19
5.139686584470151502e+03 9.177102603401724066e-19
5.141807796475766736e+03 9.797794445419223916e-19
5.143929008481381970e+03 9.912732420751417065e-19
5.146050220486997205e+03 1.158015152818828970e-18
5.148171432492612439e+03 1.145499979873175418e-18
5.150292644498227673e+03 1.036686769912300009e-18
5.152413856503842908e+03 1.069911108855517594e-18
5.154535068509458142e+03 1.123589675969363306e-18
5.156656280515073377e+03 1.080787156764762961e-18
5.158777492520688611e+03 9.051126595410559907e-19
5.160898704526303845e+03 1.007047454403828926e-18
5.163019916531919080e+03 1.163544247706683490e-18
5.165141128537534314e+03 1.024686071504847418e-18
5.167262340543149548e+03 1.036809399041495383e-18
5.169383552548764783e+03 1.186569762697240356e-18
5.171504764554380017e+03 1.278688586091614991e-18
5.173625976559995252e+03 1.176923606847140853e-18
5.175747188565610486e+03 1.092540465817325419e-18
5.177868400571225720e+03 1.183720354048835212e-18
5.179989612576840955e+03 1.034268060441930700e-18
5.182110824582456189e+03 8.810491266715389301e-19
5.184232036588071423e+03 8.946530416826565881e-19
5.186353248593686658e+03 9.688752640924098220e-19
5.188474460599301892e+03 9.866101943326549319e-19
5.190595672604917127e+03 9.273962860376381515e-19
5.192716884610532361e+03 9.187983715896078386e-19
5.194838096616147595e+03 1.031099331253617354e-18
5.196959308621762830e+03 1.075276047374090579e-18
5.199080520627378064e+03 1.140690045049030486e-18
5.201201732632993298e+03 1.046463226359936787e-18
5.203322944638608533e+03 1.011435578508280335e-18
5.205444156644223767e+03 1.091042193718329094e-18
5.207565368649839002e+03 1.149806683250698610e-18
5.209686580655454236e+03 1.197347333810001424e-18
5.211807792661069470e+03 1.113789195382951998e-18
5.213929004666684705e+03 1.085151364136427053e-18
5.216050216672299939e+03 1.111226538324402820e-18
5.218171428677915173e+03 1.059215182792480363e-18
5.220292640683530408e+03 1.131438065539537698e-18
5.222413852689145642e+03 1.170858370165687394e-18
5.224535064694760877e+03 1.051470653182676414e-18
5.226656276700376111e+03 1.036669267427891472e-18
5.228777488705991345e+03 1.047870869966608274e-18
5.230898700711606580e+03 1.015956729277069249e-18
5.233019912717221814e+03 1.091957213132314923e-18
5.235141124722837048e+03 1.109180282611078848e-18
5.237262336728452283e+03 1.102536962875429795e-18
5.239383548734067517e+03 1.078397703726811283e-18
5.241504760739682752e+03 1.009453640991014059e-18
5.243625972745297986e+03 1.020520266461497561e-18
5.245747184750913220e+03 1.063643801120452599e-18
5.247868396756528455e+03 1.155130471508649498e-18
5.249989608762143689e+03 1.152917552463524195e-18
5.252110820767758923e+03 1.131825143701451794e-18
5.254232032773374158e+03 1.118093416298403166e-18
5.256353244778989392e+03 1.049298866113272404e-18
5.258474456784604627e+03 1.123460983323470645e-18
5.260595668790219861e+03 1.070032943367899559e-18
5.262716880795835095e+03 8.798005951391451305e-19
5.264838092801450330e+03 1.017113344304918531e-18
5.266959304807065564e+03 1.129377508716107523e-18
5.269080516812680798e+03 1.110997798359133549e-18
5.271201728818296033e+03 1.215852183287763910e-18
5.273322940823911267e+03 1.233594958269779716e-18
5.275444152829526502e+03 9.509427604453594472e-19
5.277565364835141736e+03 9.103926759699111649e-19
5.279686576840756970e+03 1.005317075725936980e-18
5.281807788846372205e+03 9.608187796142567106e-19
5.283929000851987439e+03 1.051381297966601977e-18
5.286050212857602673e+03 1.036466195744025243e-18
5.288171424863217908e+03 9.750876304861271849e-19
5.290292636868833142e+03 1.064607360092107155e-18
5.292413848874448377e+03 1.110268859605366489e-18
5.294535060880063611e+03 1.030400000213748297e-18
5.296656272885678845e+03 1.151961084602005894e-18
5.298777484891294080e+03 1.164630865691496300e-18
5.300898696896909314e+03 1.035614143104528933e-18
5.303019908902524548e+03 1.034490773749052418e-18
5.305141120908139783e+03 1.182760497266108164e-18
5.307262332913755017e+03 1.209548265097508446e-18
5.309383544919370252e+03 1.094511379307253791e-18
5.311504756924985486e+03 1.011473367302322123e-18
5.313625968930600720e+03 1.117387301738594546e-18
5.315747180936215955e+03 1.171147853785521130e-18
5.317868392941831189e+03 1.075769965597927779e-18
5.319989604947446423e+03 1.181530409742836952e-18
5.322110816953061658e+03 1.114040227034830586e-18
5.324232028958676892e+03 9.255023349679229340e-19
5.326353240964292127e+03 1.027895261010974965e-18
5.328474452969907361e+03 9.543845450149587301e-19
5.330595664975522595e+03 9.563048152523652883e-19
5.332716876981137830e+03 1.057134543939697686e-18
5.334838088986753064e+03 1.028884994635455005e-18
5.336959300992368298e+03 1.061463804889641545e-18
5.339080512997983533e+03 1.018463037535980734e-18
5.341201725003598767e+03 1.154202037251833659e-18
5.343322937009214002e+03 1.185636131465776844e-18
5.345444149014829236e+03 9.184782417638485993e-19
5.347565361020444470e+03 8.395034743544602140e-19
5.349686573026059705e+03 1.076752586849267540e-18
5.351807785031674939e+03 1.186320916810642955e-18
5.353928997037290173e+03 1.056632918787063797e-18
5.356050209042905408e+03 9.856448715299545939e-19
5.358171421048520642e+03 1.065147620412638130e-18
5.360292633054135877e+03 1.029708486628429297e-18
5.362413845059751111e+03 9.680331580155219472e-19
5.364535057065366345e+03 1.000897662352771486e-18
5.366656269070981580e+03 1.119632778654093944e-18
5.368777481076596814e+03 1.118428767337879239e-18
5.370898693082212048e+03 1.039738580363923615e-18
5.373019905087827283e+03 9.788926736692580979e-19
5.375141117093442517e+03 9.729362125031609340e-19
5.377262329099057752e+03 9.546183234611515245e-19
5.379383541104672986e+03 1.062171178883946721e-18
5.381504753110288220e+03 1.183311846236480366e-18
5.383625965115903455e+03 1.115309156315862526e-18
5.385747177121518689e+03 1.136384599470412853e-18
5.387868389127133923e+03 1.021876150527639073e-18
5.389989601132749158e+03 8.477120407148400720e-19
5.392110813138364392e+03 1.001325212799342724e-18
5.394232025143979627e+03 1.049709637401051364e-18
5.396353237149594861e+03 1.037593717280599139e-18
5.398474449155210095e+03 1.073988526020960657e-18
5.400595661160825330e+03 1.086505656847744848e-18
5.402716873166440564e+03 1.115108055801811477e-18
5.404838085172055798e+03 1.018910035342989390e-18
5.406959297177671033e+03 1.013197845714721806e-18
5.409080509183286267e+03 1.126512033754009070e-18
5.411201721188901502e+03 1.117661116073126294e-18
5.413322933194516736e+03 1.005845442327866622e-18
5.415444145200131970e+03 9.263284524162140944e-19
5.417565357205747205e+03 1.108135603860985073e-18
5.419686569211362439e+03 1.159978048026364538e-18
5.421807781216977673e+03 1.092839241701965181e-18
5.423928993222592908e+03 1.191423413237574145e-18
