      5000        5.011872E+00        1.000000E-01        0.000000E+00
      5001        5.365784E+00        1.995262E-02        1.400000E+00
      5002        5.011872E+00        1.000000E-01        0.000000E+00
      5003        4.800774E+00        0.000000E+00        0.000000E+00
      5004        4.508905E+00        3.981072E-02        1.400000E+00
      5005        5.011872E+00        7.943282E-02        0.000000E+00
      5006        4.856251E+00        3.322191E-02        0.000000E+00
      5007        6.309573E+00        1.000000E-01        1.400000E+00
      5008        5.001460E+00        0.000000E+00        0.000000E+00
      5009        5.268643E+00        0.000000E+00        1.400000E+00
      5010        5.011872E+00        2.511886E-02        1.400000E+00
      5011        4.709896E+00        2.511886E-02        1.400000E+00
      5012        5.011872E+00        5.011872E-02        0.000000E+00
      5013        5.006324E+00        5.011872E-02        1.400000E+00
      5014        5.560124E+00        7.943282E-02        0.000000E+00
      5015        5.011872E+00        3.981072E-02        1.400000E+00
      5016        5.987877E+00        6.309573E-02        1.400000E+00
      5017        5.321640E+00        5.011872E-02        1.400000E+00
      5018        4.538655E+00        7.943282E-02        1.400000E+00
      5019        4.496368E+00        0.000000E+00        0.000000E+00
      5020        5.358030E+00        0.000000E+00        0.000000E+00
      5021        4.922296E+00        0.000000E+00        0.000000E+00
      5022        5.011872E+00        5.011872E-02        1.400000E+00
      5023        5.340005E+00        0.000000E+00        0.000000E+00
      5024        5.011872E+00        1.000000E-01        1.400000E+00
      5025        4.758006E+00        3.229803E-02        1.400000E+00
      5026        5.407553E+00        3.162278E-02        1.400000E+00
      5027        4.716962E+00        4.453816E-02        1.400000E+00
      5028        4.971708E+00        0.000000E+00        1.400000E+00
      5029        5.164661E+00        7.943282E-02        0.000000E+00
      5030        5.011872E+00        0.000000E+00        0.000000E+00
      5031        5.011872E+00        1.995262E-02        0.000000E+00
      5032        4.596241E+00        0.000000E+00        0.000000E+00
      5033        5.240253E+00        3.981072E-02        1.400000E+00
      5034        5.011872E+00        6.309573E-02        0.000000E+00
      5035        5.011872E+00        1.000000E-02        0.000000E+00
      5036        5.011872E+00        1.258925E-02        0.000000E+00
      5037        5.011872E+00        6.309573E-02        0.000000E+00
      5038        5.577720E+00        0.000000E+00        1.400000E+00
      5039        5.011872E+00        6.309573E-02        1.400000E+00
      5040        4.661617E+00        7.943282E-02        0.000000E+00
      5041        5.011872E+00        5.011872E-02        1.400000E+00
      5042        5.011872E+00        6.309573E-02        0.000000E+00
      5043        5.011872E+00        3.981072E-02        0.000000E+00
      5044        4.927181E+00        3.981072E-02        0.000000E+00
      5045        4.701258E+00        0.000000E+00        1.400000E+00
      5046        5.011872E+00        7.943282E-02        0.000000E+00
      5047        5.459863E+00        0.000000E+00        0.000000E+00
      5048        5.011872E+00        1.000000E-01        1.400000E+00
      5049        5.511903E+00        7.724736E-02        1.400000E+00
      5050        5.011872E+00        1.000000E-02        0.000000E+00
      5051        5.334709E+00        6.309573E-02        1.400000E+00
      5052        5.011872E+00        0.000000E+00        0.000000E+00
      5053        5.680414E+00        6.309573E-02        0.000000E+00
      5054        5.011872E+00        7.943282E-02        0.000000E+00
      5055        5.011872E+00        7.943282E-02        1.400000E+00
      5056        5.011872E+00        0.000000E+00        0.000000E+00
      5057        4.471341E+00        0.000000E+00        0.000000E+00
      5058        5.011872E+00        3.162278E-02        1.400000E+00
      5059        4.893872E+00        2.511886E-02        1.400000E+00
      5060        5.294123E+00        6.309573E-02        0.000000E+00
      5061        4.906042E+00        7.943282E-02        0.000000E+00
      5062        5.529181E+00        1.995262E-02        1.400000E+00
      5063        4.919300E+00        7.943282E-02        1.400000E+00
      5064        4.832336E+00        7.943282E-02        0.000000E+00
      5065        5.324585E+00        6.309573E-02        1.400000E+00
      5066        5.443415E+00        6.309573E-02        0.000000E+00
      5067        5.011872E+00        6.309573E-02        0.000000E+00
      5068        5.011872E+00        1.995262E-02        1.400000E+00
      5069        5.343172E+00        6.309573E-02        0.000000E+00
      5070        4.805184E+00        4.190265E-02        0.000000E+00
      5071        5.679752E+00        0.000000E+00        1.400000E+00
      5072        5.011872E+00        1.000000E-01        0.000000E+00
      5073        5.368106E+00        0.000000E+00        0.000000E+00
      5074        5.242318E+00        0.000000E+00        1.400000E+00
      5075        4.618096E+00        0.000000E+00        0.000000E+00
      5076        4.803482E+00        0.000000E+00        0.000000E+00
      5077        5.604583E+00        3.981072E-02        1.400000E+00
      5078        4.947638E+00        7.943282E-02        1.400000E+00
      5079        5.305127E+00        0.000000E+00        0.000000E+00
      5080        5.011872E+00        1.000000E-01        0.000000E+00
      5081        5.011872E+00        6.309573E-02        1.400000E+00
      5082        5.011872E+00        1.000000E-01        0.000000E+00
      5083        5.011872E+00        0.000000E+00        0.000000E+00
      5084        4.659602E+00        3.981072E-02        0.000000E+00
      5085        5.011872E+00        5.011872E-02        0.000000E+00
      5086        5.011872E+00        1.000000E-01        1.400000E+00
      5087        5.344123E+00        0.000000E+00        0.000000E+00
      5088        5.011872E+00        6.309573E-02        0.000000E+00
      5089        5.011872E+00        0.000000E+00        0.000000E+00
      5090        5.011872E+00        1.000000E-01        1.400000E+00
      5091        4.979362E+00        0.000000E+00        0.000000E+00
      5092        4.623927E+00        1.584893E-02        1.400000E+00
      5093        5.635756E+00        0.000000E+00        1.400000E+00
      5094        5.413183E+00        5.312750E-02        0.000000E+00
      5095        4.765336E+00        7.943282E-02        0.000000E+00
      5096        4.934957E+00        2.512677E-02        1.400000E+00
      5097        5.213451E+00        1.584893E-02        1.400000E+00
      5098        5.011872E+00        5.011872E-02        1.400000E+00
      5099        5.330407E+00        3.162278E-02        1.400000E+00
      5100        4.839361E+00        0.000000E+00        1.400000E+00
      5101        5.011872E+00        1.000000E-01        1.400000E+00
      5102        4.866592E+00        3.981072E-02        1.400000E+00
      5103        5.216180E+00        7.943282E-02        1.400000E+00
      5104        4.687741E+00        1.258925E-02        0.000000E+00
      5105        5.011872E+00        0.000000E+00        1.400000E+00
      5106        4.812588E+00        7.943282E-02        0.000000E+00
      5107        5.421897E+00        3.981072E-02        1.400000E+00
      5108        4.841884E+00        5.011872E-02        0.000000E+00
      5109        5.443840E+00        3.981072E-02        1.400000E+00
      5110        5.540170E+00        3.981072E-02        1.400000E+00
      5111        4.787665E+00        3.981072E-02        0.000000E+00
      5112        5.011872E+00        1.000000E-02        1.400000E+00
      5113        5.416634E+00        0.000000E+00        1.400000E+00
      5114        4.982239E+00        0.000000E+00        1.400000E+00
      5115        5.520131E+00        0.000000E+00        0.000000E+00
      5116        5.011872E+00        0.000000E+00        0.000000E+00
      5117        5.375700E+00        0.000000E+00        1.400000E+00
      5118        5.011872E+00        3.981072E-02        1.400000E+00
      5119        5.011872E+00        0.000000E+00        0.000000E+00
      5120        5.011872E+00        1.000000E-01        1.400000E+00
      5121        5.011872E+00        1.995262E-02        1.400000E+00
      5122        4.828725E+00        3.162278E-02        1.400000E+00
      5123        4.955560E+00        5.011872E-02        1.400000E+00
      5124        3.981072E+00        1.000000E-02        0.000000E+00
      5125        4.936993E+00        0.000000E+00        0.000000E+00
      5126        5.549571E+00        7.943282E-02        0.000000E+00
      5127        5.525997E+00        7.943282E-02        1.400000E+00
      5128        4.816762E+00        2.511886E-02        1.400000E+00
      5129        4.700805E+00        0.000000E+00        0.000000E+00
      5130        5.291691E+00        3.162278E-02        1.400000E+00
      5131        5.011872E+00        7.943282E-02        0.000000E+00
      5132        5.011872E+00        1.000000E-01        1.400000E+00
      5133        4.825530E+00        0.000000E+00        0.000000E+00
      5134        5.011872E+00        0.000000E+00        0.000000E+00
      5135        4.761372E+00        7.943282E-02        1.400000E+00
      5136        4.826354E+00        3.162278E-02        0.000000E+00
      5137        5.011872E+00        1.000000E-01        1.400000E+00
      5138        5.011872E+00        6.309573E-02        0.000000E+00
      5139        5.523950E+00        6.309573E-02        0.000000E+00
      5140        5.011872E+00        1.000000E-02        1.400000E+00
      5141        4.407298E+00        3.162278E-02        0.000000E+00
      5142        4.872704E+00        1.995262E-02        1.400000E+00
      5143        5.011872E+00        1.000000E-02        0.000000E+00
      5144        5.423479E+00        0.000000E+00        0.000000E+00
      5145        5.345974E+00        5.011872E-02        1.400000E+00
      5146        5.011872E+00        1.000000E-02        1.400000E+00
      5147        5.909854E+00        6.411310E-02        1.400000E+00
      5148        4.685867E+00        2.511886E-02        0.000000E+00
      5149        5.430535E+00        3.981072E-02        0.000000E+00
      5150        5.718532E+00        3.981072E-02        1.400000E+00
      5151        5.011872E+00        1.000000E-01        0.000000E+00
      5152        5.011872E+00        2.511886E-02        1.400000E+00
      5153        5.011872E+00        0.000000E+00        0.000000E+00
      5154        5.444531E+00        5.011872E-02        1.400000E+00
      5155        5.627718E+00        2.511886E-02        1.400000E+00
      5156        5.011872E+00        1.000000E-02        0.000000E+00
      5157        5.304823E+00        0.000000E+00        0.000000E+00
      5158        4.775273E+00        6.309573E-02        1.400000E+00
      5159        4.989401E+00        3.981072E-02        1.400000E+00
      5160        5.477361E+00        0.000000E+00        0.000000E+00
      5161        5.011872E+00        1.000000E-02        0.000000E+00
      5162        5.049701E+00        5.011872E-02        0.000000E+00
      5163        5.011872E+00        1.000000E-01        0.000000E+00
      5164        4.636956E+00        5.011872E-02        0.000000E+00
      5165        5.124854E+00        7.943282E-02        0.000000E+00
      5166        5.011872E+00        7.943282E-02        1.400000E+00
      5167        4.849164E+00        0.000000E+00        0.000000E+00
      5168        5.011872E+00        1.000000E-02        1.400000E+00
      5169        5.011872E+00        1.000000E-01        0.000000E+00
      5170        5.011872E+00        6.309573E-02        0.000000E+00
      5171        5.011872E+00        1.000000E-01        0.000000E+00
      5172        5.011872E+00        5.011872E-02        1.400000E+00
      5173        5.262562E+00        0.000000E+00        1.400000E+00
      5174        4.833389E+00        0.000000E+00        0.000000E+00
      5175        5.011872E+00        1.000000E-01        1.400000E+00
      5176        5.011872E+00        1.000000E-01        1.400000E+00
      5177        4.460537E+00        0.000000E+00        0.000000E+00
      5178        5.011872E+00        1.000000E-01        1.400000E+00
      5179        5.346922E+00        3.981072E-02        1.400000E+00
      5180        5.496814E+00        1.584893E-02        0.000000E+00
      5181        5.601782E+00        0.000000E+00        0.000000E+00
      5182        5.011872E+00        3.981072E-02        1.400000E+00
      5183        4.423521E+00        3.162278E-02        0.000000E+00
      5184        4.887983E+00        6.309573E-02        1.400000E+00
      5185        5.011872E+00        1.000000E-02        0.000000E+00
      5186        4.592428E+00        0.000000E+00        1.400000E+00
      5187        5.558368E+00        0.000000E+00        0.000000E+00
      5188        4.817085E+00        0.000000E+00        1.400000E+00
      5189        6.309573E+00        1.000000E-01        1.400000E+00
      5190        5.011872E+00        2.511886E-02        1.400000E+00
      5191        5.775896E+00        5.011872E-02        1.400000E+00
      5192        5.011872E+00        0.000000E+00        0.000000E+00
      5193        5.011872E+00        6.309573E-02        1.400000E+00
      5194        5.011872E+00        1.584893E-02        0.000000E+00
      5195        5.011872E+00        1.000000E-01        0.000000E+00
      5196        5.011872E+00        3.981072E-02        1.400000E+00
      5197        5.011872E+00        1.000000E-01        0.000000E+00
      5198        5.284144E+00        5.011872E-02        0.000000E+00
      5199        5.011872E+00        0.000000E+00        1.400000E+00
      5200        4.419171E+00        0.000000E+00        0.000000E+00
      5201        4.691520E+00        5.011872E-02        1.400000E+00
      5202        4.600696E+00        0.000000E+00        0.000000E+00
      5203        4.945912E+00        2.511886E-02        0.000000E+00
      5204        5.215007E+00        1.995262E-02        0.000000E+00
      5205        5.004381E+00        1.584893E-02        1.400000E+00
      5206        5.435268E+00        0.000000E+00        1.400000E+00
      5207        5.011872E+00        1.584893E-02        0.000000E+00
      5208        4.386918E+00        2.511886E-02        1.400000E+00
      5209        4.905508E+00        0.000000E+00        0.000000E+00
      5210        5.011872E+00        0.000000E+00        0.000000E+00
      5211        5.011872E+00        1.258925E-02        0.000000E+00
      5212        4.867368E+00        3.162278E-02        1.400000E+00
      5213        5.011872E+00        7.943282E-02        0.000000E+00
      5214        4.750558E+00        2.511886E-02        1.400000E+00
      5215        5.011872E+00        1.000000E-02        1.400000E+00
      5216        4.646119E+00        7.943282E-02        0.000000E+00
      5217        5.680100E+00        0.000000E+00        0.000000E+00
      5218        5.011872E+00        1.000000E-01        0.000000E+00
      5219        5.011872E+00        1.000000E-02        1.400000E+00
      5220        4.751129E+00        3.497196E-02        0.000000E+00
      5221        4.436027E+00        3.162278E-02        1.400000E+00
      5222        5.517988E+00        0.000000E+00        0.000000E+00
      5223        4.875091E+00        5.011872E-02        1.400000E+00
      5224        5.011872E+00        5.011872E-02        1.400000E+00
      5225        4.901216E+00        3.981072E-02        0.000000E+00
      5226        4.882667E+00        1.360434E-02        1.400000E+00
      5227        4.903689E+00        5.011872E-02        1.400000E+00
      5228        5.011872E+00        1.000000E-02        1.400000E+00
      5229        5.392404E+00        0.000000E+00        0.000000E+00
      5230        5.407394E+00        0.000000E+00        1.400000E+00
      5231        5.011872E+00        0.000000E+00        0.000000E+00
      5232        5.460557E+00        0.000000E+00        0.000000E+00
      5233        4.801305E+00        7.943282E-02        1.400000E+00
      5234        4.733666E+00        1.995262E-02        1.400000E+00
      5235        5.417844E+00        0.000000E+00        0.000000E+00
      5236        5.011872E+00        2.511886E-02        0.000000E+00
      5237        5.491115E+00        6.309573E-02        1.400000E+00
      5238        5.011872E+00        1.000000E-02        0.000000E+00
      5239        5.444725E+00        7.943282E-02        1.400000E+00
      5240        4.608501E+00        2.511886E-02        1.400000E+00
      5241        5.011872E+00        1.000000E-01        0.000000E+00
      5242        5.011872E+00        7.943282E-02        1.400000E+00
      5243        5.011872E+00        6.309573E-02        0.000000E+00
      5244        5.011872E+00        1.258925E-02        1.400000E+00
      5245        5.011872E+00        1.000000E-02        1.400000E+00
      5246        5.011872E+00        0.000000E+00        1.400000E+00
      5247        4.717094E+00        6.309573E-02        0.000000E+00
      5248        4.866988E+00        3.162278E-02        1.400000E+00
      5249        4.493444E+00        0.000000E+00        0.000000E+00
      5250        4.480418E+00        6.309573E-02        0.000000E+00
      5251        4.620636E+00        0.000000E+00        0.000000E+00
      5252        4.779990E+00        1.995262E-02        0.000000E+00
      5253        5.011872E+00        1.000000E-01        0.000000E+00
      5254        4.972019E+00        3.981072E-02        1.400000E+00
      5255        3.981072E+00        1.000000E-02        1.400000E+00
      5256        5.572909E+00        5.011872E-02        0.000000E+00
      5257        5.515807E+00        0.000000E+00        0.000000E+00
      5258        4.438331E+00        1.258925E-02        1.400000E+00
      5259        5.011872E+00        6.309573E-02        0.000000E+00
      5260        4.851343E+00        6.309573E-02        0.000000E+00
      5261        5.011872E+00        5.011872E-02        1.400000E+00
      5262        5.359182E+00        3.981072E-02        1.400000E+00
      5263        4.932597E+00        1.995262E-02        0.000000E+00
      5264        5.313413E+00        7.943282E-02        1.400000E+00
      5265        4.992760E+00        3.162278E-02        0.000000E+00
      5266        4.697449E+00        7.943282E-02        1.400000E+00
      5267        4.965439E+00        5.011872E-02        1.400000E+00
      5268        3.981072E+00        1.000000E-01        0.000000E+00
      5269        4.995330E+00        0.000000E+00        1.400000E+00
      5270        5.011872E+00        1.000000E-02        1.400000E+00
      5271        5.011872E+00        3.162278E-02        0.000000E+00
      5272        5.497136E+00        0.000000E+00        1.400000E+00
      5273        5.011872E+00        1.000000E-01        0.000000E+00
      5274        5.349913E+00        3.162278E-02        0.000000E+00
      5275        5.196639E+00        2.511886E-02        0.000000E+00
      5276        5.011872E+00        6.309573E-02        1.400000E+00
      5277        4.822160E+00        1.995262E-02        0.000000E+00
      5278        4.618373E+00        5.011872E-02        0.000000E+00
      5279        4.786764E+00        1.584893E-02        1.400000E+00
      5280        4.833934E+00        5.011872E-02        1.400000E+00
      5281        4.632702E+00        0.000000E+00        1.400000E+00
      5282        5.011872E+00        0.000000E+00        0.000000E+00
      5283        5.011872E+00        3.162278E-02        1.400000E+00
      5284        5.004140E+00        0.000000E+00        0.000000E+00
      5285        5.011872E+00        6.309573E-02        0.000000E+00
      5286        6.309573E+00        1.000000E-01        0.000000E+00
      5287        5.011872E+00        1.000000E-01        1.400000E+00
      5288        4.464658E+00        0.000000E+00        1.400000E+00
      5289        5.358035E+00        5.011872E-02        1.400000E+00
      5290        5.499789E+00        6.309573E-02        1.400000E+00
      5291        5.011872E+00        0.000000E+00        0.000000E+00
      5292        5.575823E+00        0.000000E+00        0.000000E+00
      5293        5.011872E+00        6.309573E-02        1.400000E+00
      5294        5.011872E+00        1.000000E-01        1.400000E+00
      5295        5.389652E+00        5.011872E-02        0.000000E+00
      5296        5.011872E+00        1.000000E-01        1.400000E+00
      5297        5.656159E+00        0.000000E+00        0.000000E+00
      5298        5.222449E+00        0.000000E+00        0.000000E+00
      5299        5.011872E+00        1.000000E-01        0.000000E+00
      5300        5.011872E+00        3.162278E-02        0.000000E+00
      5301        4.540786E+00        3.162278E-02        0.000000E+00
      5302        5.011872E+00        1.000000E-01        0.000000E+00
      5303        5.489072E+00        0.000000E+00        0.000000E+00
      5304        5.429085E+00        5.011872E-02        0.000000E+00
      5305        4.424346E+00        6.309573E-02        0.000000E+00
      5306        5.011872E+00        1.000000E-01        1.400000E+00
      5307        5.011872E+00        1.258925E-02        0.000000E+00
      5308        5.011872E+00        3.162278E-02        1.400000E+00
      5309        5.450803E+00        0.000000E+00        0.000000E+00
      5310        5.011872E+00        1.000000E-01        1.400000E+00
      5311        4.814311E+00        3.981072E-02        0.000000E+00
      5312        4.798183E+00        6.309573E-02        1.400000E+00
      5313        4.673819E+00        5.011872E-02        0.000000E+00
      5314        5.338268E+00        0.000000E+00        1.400000E+00
      5315        5.011872E+00        7.943282E-02        1.400000E+00
      5316        4.923478E+00        5.011872E-02        0.000000E+00
      5317        5.011872E+00        6.309573E-02        0.000000E+00
      5318        5.011872E+00        1.258925E-02        1.400000E+00
      5319        5.011872E+00        5.011872E-02        1.400000E+00
      5320        5.011872E+00        3.162278E-02        0.000000E+00
      5321        4.440714E+00        0.000000E+00        0.000000E+00
      5322        5.011872E+00        1.000000E-01        1.400000E+00
      5323        6.179605E+00        0.000000E+00        1.400000E+00
      5324        4.881070E+00        0.000000E+00        0.000000E+00
      5325        5.011872E+00        3.162278E-02        1.400000E+00
      5326        5.576395E+00        1.258925E-02        0.000000E+00
      5327        5.011872E+00        1.000000E-01        1.400000E+00
      5328        4.510657E+00        3.981072E-02        1.400000E+00
      5329        6.309573E+00        1.000000E-01        0.000000E+00
      5330        5.305727E+00        7.943282E-02        1.400000E+00
      5331        4.378850E+00        0.000000E+00        1.400000E+00
      5332        5.011872E+00        1.000000E-01        1.400000E+00
      5333        5.011872E+00        2.511886E-02        1.400000E+00
      5334        4.988135E+00        1.584893E-02        9.620938E-01
      5335        5.011872E+00        1.000000E-02        0.000000E+00
      5336        4.696714E+00        3.981072E-02        1.400000E+00
      5337        5.502257E+00        5.011872E-02        0.000000E+00
      5338        5.011872E+00        1.000000E-01        0.000000E+00
      5339        5.011872E+00        7.943282E-02        0.000000E+00
      5340        5.011872E+00        1.000000E-01        0.000000E+00
      5341        4.945060E+00        3.162278E-02        1.400000E+00
      5342        4.886901E+00        1.995262E-02        1.400000E+00
      5343        5.011872E+00        5.011872E-02        1.400000E+00
      5344        5.482033E+00        6.309573E-02        0.000000E+00
      5345        5.426903E+00        3.162278E-02        7.954502E-01
      5346        5.011872E+00        1.000000E-01        0.000000E+00
      5347        4.765148E+00        7.943282E-02        0.000000E+00
      5348        6.309573E+00        1.000000E-01        0.000000E+00
