      5000        1.641000E+00        8.696790E+00        2.452629E-03        5.921728E-06        0.000000E+00        2.948616E-06        4.523902E-05
      5001        1.641000E+00        4.190767E+00        2.646713E-03        1.418880E-05        0.000000E+00        0.000000E+00        3.000892E-05
      5002        1.641000E+00        8.577124E+00        2.435006E-03        4.022041E-06        0.000000E+00        3.531203E-06        5.302137E-05
      5003        1.641000E+00        3.315899E+00        2.520145E-03        4.423880E-06        0.000000E+00        4.745562E-06        2.318178E-05
      5004        1.641000E+00        7.032287E+00        2.400054E-03        4.311044E-06        0.000000E+00        2.521557E-06        3.703217E-05
      5005        1.641000E+00        7.899927E+00        2.315170E-03        0.000000E+00        1.024557E-05        3.291480E-06        4.267649E-05
      5006        1.641000E+00        1.571870E+00        2.278196E-03        0.000000E+00        1.182798E-05        6.009859E-06        2.563932E-05
      5007        1.641000E+00        1.204516E+01        2.741124E-03        0.000000E+00        1.859887E-05        0.000000E+00        6.879488E-05
      5008        1.641000E+00        2.468543E+01        2.603559E-03        7.073773E-06        0.000000E+00        3.409510E-06        2.342814E-05
      5009        1.641000E+00        7.362322E+00        2.758754E-03        9.970583E-06        0.000000E+00        3.901137E-06        1.805919E-05
      5010        1.641000E+00        5.462656E+00        2.502660E-03        7.757794E-06        0.000000E+00        3.717840E-06        2.843436E-05
      5011        1.641000E+00        1.383254E+00        2.493913E-03        5.229024E-06        0.000000E+00        1.682323E-07        3.172485E-05
      5012        1.641000E+00        1.639653E+00        2.442806E-03        0.000000E+00        1.141614E-05        0.000000E+00        4.039755E-05
      5013        1.641000E+00        3.785608E+00        2.442572E-03        6.699824E-06        0.000000E+00        0.000000E+00        4.461738E-05
      5014        1.641000E+00        2.572883E+01        2.343007E-03        0.000000E+00        1.597570E-05        2.215825E-06        5.048292E-05
      5015        1.641000E+00        6.995356E+00        2.578624E-03        1.018000E-06        0.000000E+00        6.909798E-06        3.252133E-05
      5016        1.641000E+00        1.479011E+01        2.773279E-03        1.200326E-05        0.000000E+00        1.198891E-07        4.120776E-05
      5017        1.641000E+00        7.706989E+00        2.434788E-03        0.000000E+00        1.534706E-05        0.000000E+00        3.978493E-05
      5018        1.641000E+00        4.805478E+00        1.979206E-03        2.088747E-06        0.000000E+00        3.198844E-06        4.730363E-05
      5019        1.641000E+00        1.193365E+00        2.262547E-03        0.000000E+00        6.557201E-06        4.781140E-06        1.486431E-05
      5020        1.641000E+00        6.105329E+00        2.636327E-03        8.625502E-06        0.000000E+00        0.000000E+00        2.949949E-05
      5021        1.641000E+00        6.314206E+00        2.275183E-03        7.302783E-06        0.000000E+00        2.175735E-06        2.354415E-05
      5022        1.641000E+00        6.183963E+00        2.479761E-03        5.009124E-06        0.000000E+00        3.188400E-06        4.091474E-05
      5023        1.641000E+00        1.381882E+01        2.725391E-03        7.003639E-06        0.000000E+00        6.487637E-06        2.339248E-05
      5024        1.641000E+00        6.855040E+00        2.326374E-03        2.755633E-06        0.000000E+00        2.706407E-06        5.269200E-05
      5025        1.641000E+00        2.240052E+00        2.018001E-03        6.287987E-06        0.000000E+00        6.605400E-06        2.222543E-05
      5026        1.641000E+00        1.631617E+01        2.764568E-03        1.121229E-05        0.000000E+00        2.269251E-06        2.723701E-05
      5027        1.641000E+00        1.536684E+00        2.316496E-03        0.000000E+00        1.468524E-05        0.000000E+00        3.809648E-05
      5028        1.641000E+00        6.111968E+00        2.411921E-03        6.623610E-06        0.000000E+00        8.312548E-06        1.848811E-05
      5029        1.641000E+00        6.817138E+00        2.634885E-03        6.979550E-06        0.000000E+00        0.000000E+00        4.967082E-05
      5030        1.641000E+00        8.566268E+00        2.642762E-03        2.608522E-06        0.000000E+00        8.051457E-06        1.836252E-05
      5031        1.641000E+00        4.032847E+00        2.712233E-03        3.707952E-06        0.000000E+00        6.088293E-06        2.732370E-05
      5032        1.641000E+00        4.683346E+00        2.576437E-03        2.566330E-06        0.000000E+00        9.709112E-06        1.090769E-05
      5033        1.641000E+00        7.530006E+00        2.415045E-03        0.000000E+00        1.825488E-05        3.506045E-06        2.728998E-05
      5034        1.641000E+00        5.062530E+00        2.435697E-03        4.640249E-06        0.000000E+00        5.462878E-06        3.451160E-05
      5035        1.641000E+00        6.752137E+00        2.435972E-03        7.839603E-06        0.000000E+00        2.950695E-06        2.667961E-05
      5036        1.641000E+00        5.527624E+00        2.631203E-03        7.429888E-06        0.000000E+00        1.315024E-06        2.695062E-05
      5037        1.641000E+00        4.116544E+00        2.581750E-03        4.155666E-06        0.000000E+00        9.140077E-06        1.894959E-05
      5038        1.641000E+00        4.469231E+00        2.654271E-03        1.390309E-05        0.000000E+00        0.000000E+00        2.720744E-05
      5039        1.641000E+00        5.069083E+00        2.469584E-03        8.012873E-06        0.000000E+00        4.507298E-07        4.839895E-05
      5040        1.641000E+00        1.168205E+01        2.227938E-03        1.872884E-06        0.000000E+00        2.648204E-07        5.474183E-05
      5041        1.641000E+00        9.350885E-01        2.290715E-03        5.191408E-06        0.000000E+00        6.381294E-06        3.208687E-05
      5042        1.641000E+00        6.800483E+00        2.408655E-03        0.000000E+00        1.090262E-05        6.365770E-06        2.757622E-05
      5043        1.641000E+00        8.689868E+00        2.536212E-03        5.959321E-06        0.000000E+00        4.718300E-06        2.724285E-05
      5044        1.641000E+00        1.342172E+01        2.333121E-03        1.012504E-05        0.000000E+00        0.000000E+00        3.260580E-05
      5045        1.641000E+00        6.229841E+00        2.314136E-03        6.261001E-06        0.000000E+00        7.477650E-06        1.414957E-05
      5046        1.641000E+00        1.192698E+01        2.429495E-03        4.478757E-06        0.000000E+00        2.815202E-06        4.759488E-05
      5047        1.641000E+00        1.039053E+01        2.496747E-03        0.000000E+00        2.350797E-05        1.264865E-06        2.241042E-05
      5048        1.641000E+00        2.340953E+00        2.336858E-03        4.958778E-06        0.000000E+00        6.325232E-06        4.192717E-05
      5049        1.641000E+00        8.973568E+00        2.552623E-03        9.713369E-06        0.000000E+00        1.851535E-06        4.837804E-05
      5050        1.641000E+00        2.168762E+01        2.495012E-03        9.851267E-06        0.000000E+00        5.921745E-07        2.923418E-05
      5051        1.641000E+00        9.505299E+00        2.381386E-03        0.000000E+00        1.691479E-05        5.066178E-06        3.447754E-05
      5052        1.641000E+00        1.491635E+01        2.626315E-03        4.954171E-06        0.000000E+00        7.595884E-06        2.118931E-05
      5053        1.641000E+00        5.828350E+00        2.887862E-03        0.000000E+00        1.852749E-05        0.000000E+00        4.574333E-05
      5054        1.641000E+00        4.959451E+00        2.386563E-03        0.000000E+00        1.067587E-05        2.708310E-06        4.710625E-05
      5055        1.641000E+00        5.725405E+00        2.405514E-03        2.564281E-06        0.000000E+00        8.290835E-06        4.206210E-05
      5056        1.641000E+00        5.493101E+00        2.492929E-03        9.327768E-06        0.000000E+00        2.954229E-06        1.786630E-05
      5057        1.641000E+00        5.970161E+00        2.091051E-03        3.611391E-06        0.000000E+00        6.950377E-06        1.983651E-05
      5058        1.641000E+00        9.298092E+00        2.639670E-03        6.058941E-06        0.000000E+00        2.062371E-06        3.853936E-05
      5059        1.641000E+00        7.993409E+00        2.145932E-03        8.477068E-06        0.000000E+00        0.000000E+00        3.088545E-05
      5060        1.641000E+00        4.059558E+00        2.677666E-03        6.208995E-06        5.503523E-06        1.588270E-06        3.772327E-05
      5061        1.641000E+00        1.366986E+01        2.616416E-03        1.318382E-06        0.000000E+00        2.311103E-06        6.133923E-05
      5062        1.641000E+00        1.520732E+01        2.656031E-03        9.487029E-06        0.000000E+00        3.883146E-06        2.967419E-05
      5063        1.641000E+00        5.658715E+00        2.345006E-03        0.000000E+00        6.375095E-06        2.546766E-06        5.200175E-05
      5064        1.641000E+00        4.796011E+00        2.553196E-03        6.569143E-06        0.000000E+00        5.742739E-07        5.337546E-05
      5065        1.641000E+00        1.181812E+01        2.459921E-03        1.093280E-05        0.000000E+00        0.000000E+00        4.733220E-05
      5066        1.641000E+00        1.416752E+01        2.610996E-03        0.000000E+00        1.737766E-05        1.550847E-06        4.058296E-05
      5067        1.641000E+00        5.603206E+00        2.266499E-03        7.826180E-06        0.000000E+00        3.814068E-06        3.509158E-05
      5068        1.641000E+00        7.878673E+00        2.451784E-03        8.019586E-06        0.000000E+00        0.000000E+00        3.327258E-05
      5069        1.641000E+00        3.424330E+00        2.626006E-03        6.781144E-06        4.520197E-06        1.648192E-06        3.894611E-05
      5070        1.641000E+00        7.241623E+00        2.289155E-03        9.933493E-06        0.000000E+00        0.000000E+00        4.145413E-05
      5071        1.641000E+00        7.776237E+00        2.718266E-03        1.131441E-05        0.000000E+00        5.226815E-06        2.074629E-05
      5072        1.641000E+00        2.135873E+01        2.555269E-03        0.000000E+00        1.387913E-06        0.000000E+00        7.473212E-05
      5073        1.641000E+00        7.149896E+00        2.734117E-03        1.073987E-05        0.000000E+00        6.133863E-07        2.316601E-05
      5074        1.641000E+00        2.047915E+00        2.503960E-03        1.291834E-05        0.000000E+00        5.085958E-07        1.973195E-05
      5075        1.641000E+00        3.137238E+00        2.132996E-03        8.748600E-06        0.000000E+00        3.414959E-06        2.006525E-05
      5076        1.641000E+00        5.054893E+00        2.304817E-03        6.690772E-06        0.000000E+00        9.335721E-07        2.882445E-05
      5077        1.641000E+00        2.520161E+01        2.774979E-03        0.000000E+00        4.000062E-06        1.088163E-05        3.018093E-05
      5078        1.641000E+00        1.295586E+01        2.407763E-03        5.185599E-06        0.000000E+00        0.000000E+00        5.459774E-05
      5079        1.641000E+00        4.391045E+00        2.598780E-03        8.847580E-06        0.000000E+00        5.700603E-06        2.004934E-05
      5080        1.641000E+00        8.941570E+00        2.359459E-03        5.652390E-06        0.000000E+00        0.000000E+00        6.858157E-05
      5081        1.641000E+00        7.490782E+00        2.424363E-03        5.222286E-06        0.000000E+00        0.000000E+00        4.155754E-05
      5082        1.641000E+00        4.586845E+00        2.480459E-03        6.539475E-06        0.000000E+00        2.816117E-06        4.921847E-05
      5083        1.641000E+00        7.616269E+00        2.433944E-03        9.386578E-06        0.000000E+00        4.899201E-06        1.773929E-05
      5084        1.641000E+00        8.424978E+00        2.429299E-03        4.378177E-06        0.000000E+00        3.598592E-06        3.351685E-05
      5085        1.641000E+00        4.297125E+00        2.647202E-03        2.103352E-06        0.000000E+00        8.621263E-06        2.651037E-05
      5086        1.641000E+00        1.033681E+01        2.291019E-03        6.827116E-06        0.000000E+00        1.430385E-06        4.838530E-05
      5087        1.641000E+00        3.395457E+00        2.586211E-03        8.604184E-06        0.000000E+00        4.088547E-06        1.838506E-05
      5088        1.641000E+00        5.222181E+00        2.422264E-03        5.625819E-06        0.000000E+00        7.261818E-07        4.526320E-05
      5089        1.641000E+00        1.705418E+01        2.487666E-03        1.001112E-05        0.000000E+00        0.000000E+00        2.915424E-05
      5090        1.641000E+00        8.688918E+00        2.318650E-03        8.269335E-06        0.000000E+00        0.000000E+00        4.679419E-05
      5091        1.641000E+00        1.404332E+01        2.492654E-03        5.742743E-06        8.562343E-06        4.917416E-06        2.100542E-05
      5092        1.641000E+00        8.359314E+00        2.177241E-03        7.578206E-06        0.000000E+00        2.673702E-06        2.879677E-05
      5093        1.641000E+00        5.014528E+00        2.831588E-03        1.063370E-05        0.000000E+00        8.526828E-07        2.430505E-05
      5094        1.641000E+00        5.723922E+00        2.406562E-03        0.000000E+00        1.687106E-05        0.000000E+00        4.720286E-05
      5095        1.641000E+00        1.260333E+01        2.395372E-03        0.000000E+00        0.000000E+00        4.542535E-06        4.796654E-05
      5096        1.641000E+00        2.574953E+01        2.447314E-03        8.699450E-06        0.000000E+00        0.000000E+00        3.463311E-05
      5097        1.641000E+00        3.368906E+00        2.295311E-03        1.291235E-05        0.000000E+00        0.000000E+00        3.293798E-05
      5098        1.641000E+00        1.316002E+01        2.650980E-03        3.743492E-06        0.000000E+00        7.079071E-06        2.393552E-05
      5099        1.641000E+00        3.209920E+00        2.444483E-03        0.000000E+00        1.528828E-05        1.807001E-06        3.276795E-05
      5100        1.641000E+00        1.137309E+01        2.345082E-03        4.574590E-06        0.000000E+00        9.015232E-06        2.278451E-05
      5101        1.641000E+00        4.856648E+00        2.283111E-03        0.000000E+00        3.646428E-06        4.801074E-06        6.748226E-05
      5102        1.641000E+00        1.375860E+00        2.305634E-03        0.000000E+00        9.338209E-06        6.892922E-06        2.079730E-05
      5103        1.641000E+00        5.056650E+00        2.481443E-03        6.216131E-06        0.000000E+00        3.336088E-07        5.722447E-05
      5104        1.641000E+00        4.235593E+00        2.543974E-03        3.223921E-06        0.000000E+00        5.497227E-06        2.290774E-05
      5105        1.641000E+00        6.163154E+00        2.556522E-03        5.250859E-06        0.000000E+00        1.011291E-05        1.304065E-05
      5106        1.641000E+00        1.188129E+00        2.121358E-03        7.240757E-06        0.000000E+00        0.000000E+00        4.841277E-05
      5107        1.641000E+00        2.153550E+00        2.807524E-03        0.000000E+00        1.367869E-05        8.277783E-06        1.740874E-05
      5108        1.641000E+00        1.295258E+01        2.557845E-03        5.335236E-06        0.000000E+00        9.085647E-07        3.883345E-05
      5109        1.641000E+00        7.245506E+00        2.564787E-03        1.085868E-05        0.000000E+00        2.004597E-06        4.242436E-05
      5110        1.641000E+00        3.764452E+00        2.502888E-03        0.000000E+00        1.755786E-05        2.420266E-06        3.352081E-05
      5111        1.641000E+00        1.184819E+01        2.416479E-03        6.431870E-07        0.000000E+00        9.198484E-06        2.904605E-05
      5112        1.641000E+00        9.789286E+00        2.480215E-03        6.354946E-06        0.000000E+00        5.922834E-06        2.161289E-05
      5113        1.641000E+00        1.609220E+00        2.543492E-03        6.861904E-06        0.000000E+00        9.160378E-06        1.711666E-05
      5114        1.641000E+00        9.730680E+00        2.560258E-03        3.748975E-06        0.000000E+00        5.983508E-06        2.180101E-05
      5115        1.641000E+00        6.349693E+00        2.480136E-03        1.404993E-05        0.000000E+00        0.000000E+00        2.593775E-05
      5116        1.641000E+00        5.764889E+00        2.269679E-03        8.347480E-06        0.000000E+00        3.146960E-06        2.553103E-05
      5117        1.641000E+00        1.516711E+01        2.629686E-03        1.244584E-05        0.000000E+00        0.000000E+00        1.878110E-05
      5118        1.641000E+00        4.222563E+00        2.210476E-03        4.418380E-07        1.152846E-05        0.000000E+00        4.004882E-05
      5119        1.641000E+00        8.465468E+00        2.454838E-03        6.672445E-06        0.000000E+00        6.553304E-06        1.861565E-05
      5120        1.641000E+00        9.009061E+00        2.277852E-03        0.000000E+00        0.000000E+00        7.008559E-06        4.873941E-05
      5121        1.641000E+00        1.689862E+00        2.785426E-03        2.573334E-06        0.000000E+00        7.786352E-06        1.814014E-05
      5122        1.641000E+00        9.487844E+00        2.295062E-03        8.856626E-06        0.000000E+00        0.000000E+00        3.191350E-05
      5123        1.641000E+00        7.748066E-01        2.538845E-03        0.000000E+00        1.263863E-05        3.816240E-06        3.345669E-05
      5124        1.641000E+00        3.901806E+00        1.938005E-03        0.000000E+00        0.000000E+00        6.015329E-06        1.906391E-05
      5125        1.641000E+00        3.335294E+00        2.473076E-03        5.059820E-06        0.000000E+00        6.152492E-06        1.742854E-05
      5126        1.641000E+00        9.434950E+00        2.695482E-03        8.066307E-06        0.000000E+00        0.000000E+00        5.458416E-05
      5127        1.641000E+00        1.426656E+01        2.614596E-03        5.647561E-06        3.128762E-06        0.000000E+00        4.995041E-05
      5128        1.641000E+00        7.382290E+00        2.272270E-03        0.000000E+00        1.511402E-05        7.067522E-06        2.213000E-05
      5129        1.641000E+00        6.105213E+00        2.429779E-03        5.868100E-06        0.000000E+00        2.849544E-06        2.152928E-05
      5130        1.641000E+00        2.065579E+00        2.790343E-03        1.100817E-05        0.000000E+00        0.000000E+00        3.674548E-05
      5131        1.641000E+00        3.567760E+00        2.535267E-03        5.687434E-07        5.709312E-06        4.558317E-06        3.862002E-05
      5132        1.641000E+00        5.365496E+00        2.505668E-03        4.629396E-06        0.000000E+00        5.467382E-06        4.117107E-05
      5133        1.641000E+00        4.107334E+00        2.304525E-03        0.000000E+00        1.463550E-05        4.590356E-06        1.836580E-05
      5134        1.641000E+00        7.425596E+00        2.375897E-03        5.009612E-06        0.000000E+00        6.745841E-06        2.221447E-05
      5135        1.641000E+00        9.487222E+00        2.349721E-03        3.480040E-06        2.875319E-06        1.639479E-06        5.136200E-05
      5136        1.641000E+00        5.455220E+00        2.556277E-03        6.841670E-06        0.000000E+00        1.973910E-06        2.589125E-05
      5137        1.641000E+00        9.201401E+00        2.417040E-03        7.180597E-06        0.000000E+00        0.000000E+00        5.402371E-05
      5138        1.641000E+00        4.430246E+00        2.529436E-03        0.000000E+00        1.211533E-05        5.214792E-07        4.887495E-05
      5139        1.641000E+00        1.550386E+00        2.298365E-03        0.000000E+00        1.608870E-05        2.953360E-07        4.556761E-05
      5140        1.641000E+00        7.042674E+00        2.524202E-03        3.684407E-06        0.000000E+00        9.253925E-06        2.092692E-05
      5141        1.641000E+00        1.171349E+01        2.165164E-03        0.000000E+00        1.203322E-05        1.638269E-06        2.975426E-05
      5142        1.641000E+00        5.348131E+00        2.246763E-03        8.914736E-06        0.000000E+00        1.904894E-06        3.309154E-05
      5143        1.641000E+00        1.628591E+01        2.430593E-03        0.000000E+00        1.720987E-05        0.000000E+00        2.949205E-05
      5144        1.641000E+00        8.445874E+00        2.767346E-03        9.775584E-06        0.000000E+00        2.720531E-06        1.772809E-05
      5145        1.641000E+00        9.343718E+00        2.627669E-03        1.004160E-05        0.000000E+00        1.938916E-06        2.601652E-05
      5146        1.641000E+00        3.757196E+00        2.280610E-03        6.439843E-06        0.000000E+00        4.982047E-06        1.919840E-05
      5147        1.641000E+00        1.579925E+01        2.803185E-03        1.095033E-05        0.000000E+00        0.000000E+00        4.288218E-05
      5148        1.641000E+00        7.700526E+00        2.469646E-03        4.078305E-06        0.000000E+00        5.900595E-06        2.456576E-05
      5149        1.641000E+00        5.876773E+00        2.544383E-03        8.121003E-06        0.000000E+00        3.796577E-06        3.742952E-05
      5150        1.641000E+00        7.739224E+00        2.710958E-03        1.150893E-05        0.000000E+00        4.857264E-06        2.773200E-05
      5151        1.641000E+00        6.908232E+00        2.375724E-03        2.855251E-06        0.000000E+00        4.229955E-06        5.102260E-05
      5152        1.641000E+00        4.628720E+00        2.329391E-03        4.714547E-06        0.000000E+00        1.624519E-06        3.539572E-05
      5153        1.641000E+00        8.922685E+00        2.781236E-03        2.712916E-06        0.000000E+00        5.542322E-06        1.806484E-05
      5154        1.641000E+00        8.398927E+00        2.598220E-03        7.474123E-06        0.000000E+00        6.703354E-06        2.907838E-05
      5155        1.641000E+00        3.226450E+00        2.796858E-03        6.833231E-06        5.882615E-06        4.459569E-06        2.763683E-05
      5156        1.641000E+00        2.372939E+00        2.507879E-03        0.000000E+00        1.829570E-05        3.189988E-06        2.540614E-05
      5157        1.641000E+00        1.732278E+01        2.754765E-03        1.021824E-05        0.000000E+00        3.469071E-06        2.178185E-05
      5158        1.641000E+00        7.878760E+00        2.241181E-03        0.000000E+00        7.927707E-06        5.011243E-06        4.236849E-05
      5159        1.641000E+00        5.851946E+00        2.402499E-03        4.363732E-06        0.000000E+00        6.562035E-06        2.752308E-05
      5160        1.641000E+00        2.382742E+01        2.626721E-03        9.491386E-06        0.000000E+00        0.000000E+00        3.407331E-05
      5161        1.641000E+00        3.582823E+00        2.359923E-03        0.000000E+00        1.592500E-05        3.254211E-06        2.237738E-05
      5162        1.641000E+00        3.928831E+00        2.231683E-03        9.882048E-06        0.000000E+00        0.000000E+00        3.373285E-05
      5163        1.641000E+00        7.788711E+00        2.310245E-03        3.087247E-06        0.000000E+00        4.231233E-06        5.273697E-05
      5164        1.641000E+00        2.241484E+00        2.186466E-03        0.000000E+00        1.206730E-05        6.165975E-07        4.282160E-05
      5165        1.641000E+00        4.677203E+00        2.177200E-03        0.000000E+00        1.152946E-05        1.608397E-07        5.435496E-05
      5166        1.641000E+00        5.366460E+00        2.287351E-03        5.355013E-06        0.000000E+00        0.000000E+00        4.952450E-05
      5167        1.641000E+00        6.418449E+00        2.512086E-03        0.000000E+00        8.454669E-06        4.129377E-06        2.189019E-05
      5168        1.641000E+00        3.606265E+00        2.303311E-03        8.872701E-06        0.000000E+00        2.297730E-06        2.338933E-05
      5169        1.641000E+00        2.520810E+01        2.490248E-03        1.678996E-06        0.000000E+00        4.420878E-06        4.802269E-05
      5170        1.641000E+00        1.307510E+01        2.597343E-03        3.831952E-06        0.000000E+00        2.870280E-06        4.258597E-05
      5171        1.641000E+00        9.045486E+00        2.237849E-03        5.545743E-06        0.000000E+00        4.154941E-07        7.038743E-05
      5172        1.641000E+00        6.668909E+00        2.458587E-03        4.576908E-06        0.000000E+00        4.037139E-06        3.955869E-05
      5173        1.641000E+00        3.518298E+00        2.636331E-03        1.005336E-05        0.000000E+00        1.156633E-06        2.371902E-05
      5174        1.641000E+00        3.622892E+00        2.205274E-03        8.300979E-06        0.000000E+00        4.898628E-06        1.590538E-05
      5175        1.641000E+00        9.740669E+00        2.479857E-03        4.086985E-06        0.000000E+00        3.035990E-06        4.446735E-05
      5176        1.641000E+00        3.987228E+00        2.426490E-03        3.952330E-06        0.000000E+00        0.000000E+00        7.187116E-05
      5177        1.641000E+00        2.905555E+00        2.149043E-03        2.279346E-06        0.000000E+00        7.676531E-06        2.109198E-05
      5178        1.641000E+00        9.633850E+00        2.383350E-03        4.458279E-06        0.000000E+00        3.325198E-06        5.493128E-05
      5179        1.641000E+00        1.556114E+01        2.756629E-03        8.744705E-06        0.000000E+00        0.000000E+00        3.784001E-05
      5180        1.641000E+00        8.526852E-01        2.845247E-03        0.000000E+00        2.039785E-05        5.458476E-08        2.475274E-05
      5181        1.641000E+00        9.119994E+00        2.499503E-03        1.387816E-05        0.000000E+00        4.418671E-07        2.418893E-05
      5182        1.641000E+00        5.752490E+00        2.660373E-03        1.752005E-06        0.000000E+00        7.223706E-06        2.958197E-05
      5183        1.641000E+00        6.796751E+00        2.124198E-03        0.000000E+00        7.156302E-06        4.967185E-06        2.424515E-05
      5184        1.641000E+00        6.951121E+00        2.402819E-03        5.839663E-06        0.000000E+00        1.493159E-06        4.031863E-05
      5185        1.641000E+00        5.630479E+00        2.536553E-03        7.426340E-06        0.000000E+00        8.260885E-06        1.769449E-05
      5186        1.641000E+00        1.860788E+00        2.414696E-03        7.984693E-06        0.000000E+00        0.000000E+00        2.351437E-05
      5187        1.641000E+00        5.690271E+00        2.569603E-03        1.257597E-05        0.000000E+00        2.095266E-06        2.301393E-05
      5188        1.641000E+00        4.504051E+00        2.448906E-03        4.610834E-06        0.000000E+00        6.660175E-06        1.693339E-05
      5189        1.641000E+00        4.084176E+00        2.933682E-03        0.000000E+00        1.986163E-05        2.432830E-06        5.585468E-05
      5190        1.641000E+00        1.507695E+01        2.439459E-03        7.553259E-06        0.000000E+00        4.204568E-06        2.657503E-05
      5191        1.641000E+00        4.186363E+00        2.639647E-03        1.019627E-05        0.000000E+00        0.000000E+00        4.087045E-05
      5192        1.641000E+00        1.034868E+01        2.464326E-03        5.649333E-06        0.000000E+00        8.360706E-06        1.706737E-05
      5193        1.641000E+00        4.777861E+00        2.295754E-03        7.050312E-06        0.000000E+00        0.000000E+00        4.533093E-05
      5194        1.641000E+00        3.272502E+00        2.572278E-03        4.118057E-06        0.000000E+00        6.331777E-06        2.379130E-05
      5195        1.641000E+00        4.097891E+00        2.462710E-03        5.714382E-06        0.000000E+00        8.951647E-07        5.293400E-05
      5196        1.641000E+00        1.283691E+01        2.533942E-03        7.157390E-06        0.000000E+00        0.000000E+00        3.990441E-05
      5197        1.641000E+00        3.814360E+01        2.550415E-03        0.000000E+00        6.413475E-06        6.233256E-06        4.756069E-05
      5198        1.641000E+00        8.352222E-01        2.401070E-03        9.612658E-06        0.000000E+00        0.000000E+00        4.043815E-05
      5199        1.641000E+00        1.329594E+00        2.858722E-03        7.270047E-06        0.000000E+00        4.389573E-06        1.900254E-05
      5200        1.641000E+00        1.428877E+01        1.950620E-03        0.000000E+00        2.566125E-06        1.006029E-05        1.914513E-05
      5201        1.641000E+00        1.207014E+01        2.327323E-03        3.284524E-06        0.000000E+00        8.140858E-06        2.531842E-05
      5202        1.641000E+00        8.856454E+00        2.160581E-03        0.000000E+00        1.194596E-05        4.976202E-06        2.046222E-05
      5203        1.641000E+00        6.801567E+00        2.475682E-03        0.000000E+00        9.755448E-06        5.565870E-06        2.794541E-05
      5204        1.641000E+00        1.320801E+01        2.804307E-03        0.000000E+00        2.162852E-05        4.501224E-07        2.543935E-05
      5205        1.641000E+00        3.413982E+00        2.399360E-03        7.428906E-06        0.000000E+00        4.169192E-06        2.089466E-05
      5206        1.641000E+00        7.284523E+00        2.798641E-03        9.239475E-06        0.000000E+00        8.334867E-06        1.921144E-05
      5207        1.641000E+00        4.293375E+00        2.370113E-03        7.286524E-06        0.000000E+00        3.465719E-06        2.505369E-05
      5208        1.641000E+00        2.041838E+00        2.160617E-03        0.000000E+00        0.000000E+00        9.753034E-06        1.819229E-05
      5209        1.641000E+00        1.723348E+00        2.214974E-03        1.034172E-05        0.000000E+00        2.420887E-06        2.087224E-05
      5210        1.641000E+00        6.413704E+00        2.465854E-03        0.000000E+00        1.460120E-05        7.534040E-06        1.779480E-05
      5211        1.641000E+00        8.371799E+00        2.503649E-03        0.000000E+00        6.551775E-06        5.658813E-06        2.099677E-05
      5212        1.641000E+00        6.853509E+00        2.068007E-03        1.148747E-05        0.000000E+00        2.859765E-07        3.704338E-05
      5213        1.641000E+00        1.781180E+01        2.360009E-03        0.000000E+00        2.014182E-06        7.771421E-06        3.377194E-05
      5214        1.641000E+00        4.397243E+00        2.312722E-03        0.000000E+00        1.833407E-05        0.000000E+00        2.758109E-05
      5215        1.641000E+00        5.342576E+00        2.441789E-03        9.693870E-06        0.000000E+00        4.123310E-06        2.185276E-05
      5216        1.641000E+00        3.044431E+00        1.983810E-03        4.990890E-06        0.000000E+00        0.000000E+00        5.330490E-05
      5217        1.641000E+00        1.243877E+01        2.774099E-03        1.067845E-05        0.000000E+00        9.252376E-07        2.488082E-05
      5218        1.641000E+00        5.204361E+00        2.633620E-03        4.753131E-06        0.000000E+00        0.000000E+00        5.760801E-05
      5219        1.641000E+00        3.672154E+00        2.491475E-03        6.570945E-06        0.000000E+00        5.820224E-06        2.330308E-05
      5220        1.641000E+00        1.329031E+00        2.386386E-03        6.136114E-06        0.000000E+00        3.328802E-06        3.127380E-05
      5221        1.641000E+00        7.475678E+00        2.344166E-03        2.954953E-06        0.000000E+00        5.175730E-06        2.540104E-05
      5222        1.641000E+00        3.159959E+01        2.506769E-03        7.708601E-06        0.000000E+00        8.793749E-06        2.284050E-05
      5223        1.641000E+00        6.218489E+00        2.640341E-03        1.881266E-06        0.000000E+00        5.340422E-06        3.573661E-05
      5224        1.641000E+00        9.495509E+00        2.489278E-03        7.592990E-06        0.000000E+00        2.942007E-06        3.623940E-05
      5225        1.641000E+00        6.650205E+00        2.567880E-03        0.000000E+00        1.420781E-05        0.000000E+00        3.128206E-05
      5226        1.641000E+00        1.127845E+01        2.510238E-03        8.665915E-06        0.000000E+00        0.000000E+00        2.798257E-05
      5227        1.641000E+00        6.919319E+00        2.460366E-03        5.362062E-06        0.000000E+00        2.217344E-06        3.797544E-05
      5228        1.641000E+00        7.726086E+00        2.496559E-03        0.000000E+00        5.964085E-06        8.811950E-06        2.073357E-05
      5229        1.641000E+00        1.201437E+01        2.608707E-03        4.125719E-06        1.180612E-05        2.011401E-06        2.628377E-05
      5230        1.641000E+00        5.419397E+00        2.467768E-03        6.930919E-06        0.000000E+00        5.297578E-06        2.282816E-05
      5231        1.641000E+00        4.371978E+00        2.326359E-03        8.300158E-06        0.000000E+00        3.476411E-06        1.908498E-05
      5232        1.641000E+00        1.853350E+01        2.471173E-03        0.000000E+00        2.017353E-05        2.306989E-06        2.121535E-05
      5233        1.641000E+00        5.275307E+00        2.336612E-03        4.859666E-06        0.000000E+00        4.142483E-06        3.764650E-05
      5234        1.641000E+00        8.971630E+00        2.617820E-03        1.524406E-06        0.000000E+00        1.059491E-05        1.707200E-05
      5235        1.641000E+00        2.103575E+01        2.692121E-03        1.498687E-06        7.834505E-06        9.408230E-06        1.852726E-05
      5236        1.641000E+00        1.262026E+01        2.624349E-03        4.666742E-06        0.000000E+00        5.690063E-06        2.454003E-05
      5237        1.641000E+00        1.672830E+01        2.712225E-03        8.987816E-06        0.000000E+00        2.386846E-06        4.203775E-05
      5238        1.641000E+00        7.097993E+00        2.539439E-03        3.829601E-06        9.774823E-06        7.352027E-07        2.814036E-05
      5239        1.641000E+00        7.721278E+00        2.531393E-03        8.558035E-06        0.000000E+00        6.120063E-06        3.606209E-05
      5240        1.641000E+00        3.464442E+00        2.293805E-03        3.246365E-06        0.000000E+00        7.597185E-06        2.126615E-05
      5241        1.641000E+00        1.390968E+01        2.568841E-03        0.000000E+00        1.173571E-05        1.598850E-06        5.428828E-05
      5242        1.641000E+00        5.282697E+00        2.598223E-03        4.702218E-06        0.000000E+00        0.000000E+00        5.350799E-05
      5243        1.641000E+00        8.943556E+00        2.677807E-03        4.970206E-06        0.000000E+00        4.532973E-06        3.988688E-05
      5244        1.641000E+00        8.895063E+00        2.714744E-03        6.168887E-06        0.000000E+00        4.629894E-06        2.268972E-05
      5245        1.641000E+00        1.112861E+01        2.441513E-03        3.476352E-06        0.000000E+00        5.009623E-06        1.812250E-05
      5246        1.641000E+00        4.720628E+00        2.272373E-03        6.361411E-06        0.000000E+00        7.850350E-06        2.117912E-05
      5247        1.641000E+00        1.272261E+01        2.327756E-03        5.406486E-06        0.000000E+00        1.873162E-06        4.770180E-05
      5248        1.641000E+00        6.038803E+00        2.345422E-03        3.830300E-06        0.000000E+00        7.486174E-06        2.905237E-05
      5249        1.641000E+00        3.836110E+00        2.161343E-03        3.218711E-06        0.000000E+00        9.884142E-06        1.727314E-05
      5250        1.641000E+00        5.722143E+00        2.209170E-03        0.000000E+00        2.619107E-06        3.066432E-06        3.823960E-05
      5251        1.641000E+00        4.697481E+00        2.265415E-03        3.954020E-06        0.000000E+00        5.014524E-06        2.213738E-05
      5252        1.641000E+00        1.770483E+01        2.585034E-03        6.551230E-06        0.000000E+00        0.000000E+00        3.394618E-05
      5253        1.641000E+00        2.094439E+01        2.098621E-03        3.435910E-06        0.000000E+00        3.513064E-06        5.621786E-05
      5254        1.641000E+00        2.974793E+00        2.387273E-03        7.554565E-06        0.000000E+00        4.179586E-06        2.928358E-05
      5255        1.641000E+00        7.529344E+00        1.836534E-03        2.394075E-06        0.000000E+00        4.171208E-06        3.011042E-05
      5256        1.641000E+00        7.159845E+00        2.867077E-03        9.746509E-06        0.000000E+00        0.000000E+00        3.669566E-05
      5257        1.641000E+00        8.554053E+00        2.727248E-03        7.562787E-06        0.000000E+00        5.367913E-06        1.402839E-05
      5258        1.641000E+00        5.192411E+00        2.233872E-03        0.000000E+00        2.254814E-06        4.617128E-06        2.393901E-05
      5259        1.641000E+00        9.953524E+00        2.689748E-03        4.606213E-06        0.000000E+00        7.217155E-06        3.118605E-05
      5260        1.641000E+00        1.200660E+01        2.545707E-03        0.000000E+00        3.720216E-07        5.871336E-06        4.349850E-05
      5261        1.641000E+00        3.797554E+00        2.533556E-03        0.000000E+00        6.446960E-06        5.597078E-06        2.671960E-05
      5262        1.641000E+00        3.393357E+00        2.762414E-03        7.109095E-06        0.000000E+00        1.790841E-06        2.714412E-05
      5263        1.641000E+00        5.364109E+00        2.567038E-03        8.413654E-06        0.000000E+00        5.279579E-06        2.020853E-05
      5264        1.641000E+00        4.782619E+00        2.665859E-03        7.425842E-06        0.000000E+00        3.103061E-06        4.396744E-05
      5265        1.641000E+00        1.904773E+00        2.440058E-03        6.993273E-06        0.000000E+00        2.216530E-06        2.189326E-05
      5266        1.641000E+00        4.893263E+00        2.111959E-03        4.877947E-06        0.000000E+00        1.695494E-06        4.771417E-05
      5267        1.641000E+00        1.244309E+00        2.185945E-03        1.074642E-05        0.000000E+00        0.000000E+00        4.443805E-05
      5268        1.641000E+00        9.891100E+00        1.924359E-03        0.000000E+00        0.000000E+00        1.719858E-06        5.617617E-05
      5269        1.641000E+00        1.357139E+00        2.588497E-03        1.002283E-05        0.000000E+00        5.481875E-06        1.517720E-05
      5270        1.641000E+00        3.728944E+00        2.637551E-03        7.760457E-06        0.000000E+00        4.395732E-06        2.302960E-05
      5271        1.641000E+00        1.328706E+01        2.460150E-03        0.000000E+00        9.515226E-06        5.128110E-06        2.865602E-05
      5272        1.641000E+00        4.879115E+00        2.458589E-03        9.958499E-06        0.000000E+00        2.526999E-06        2.171341E-05
      5273        1.641000E+00        3.860202E+00        2.352410E-03        6.310953E-06        0.000000E+00        0.000000E+00        6.636059E-05
      5274        1.641000E+00        3.084860E+00        2.204264E-03        2.186440E-06        1.814677E-05        7.828756E-07        3.680812E-05
      5275        1.641000E+00        1.125100E+01        2.692410E-03        9.837887E-06        0.000000E+00        1.657161E-06        2.939983E-05
      5276        1.641000E+00        6.876156E+00        2.373930E-03        5.894722E-06        0.000000E+00        4.536166E-06        3.521198E-05
      5277        1.641000E+00        2.068927E+00        2.224394E-03        8.014447E-06        0.000000E+00        2.473818E-06        2.339136E-05
      5278        1.641000E+00        8.171247E+00        2.360782E-03        0.000000E+00        9.764545E-06        2.448411E-06        3.756031E-05
      5279        1.641000E+00        2.384736E+00        2.241049E-03        7.482428E-06        0.000000E+00        6.288725E-06        2.242615E-05
      5280        1.641000E+00        1.184665E+01        2.527059E-03        6.017596E-06        0.000000E+00        4.581338E-06        2.852208E-05
      5281        1.641000E+00        4.150493E+00        2.361635E-03        3.167586E-06        0.000000E+00        6.267391E-06        1.820866E-05
      5282        1.641000E+00        1.790975E+00        2.723125E-03        3.963745E-06        0.000000E+00        9.416824E-06        1.685239E-05
      5283        1.641000E+00        8.889644E+00        2.546816E-03        2.524046E-06        0.000000E+00        3.299650E-06        3.361115E-05
      5284        1.641000E+00        7.009468E+00        2.527959E-03        5.929384E-06        0.000000E+00        8.563513E-06        1.656117E-05
      5285        1.641000E+00        1.431661E+00        2.447185E-03        6.097788E-06        0.000000E+00        5.375766E-06        2.978010E-05
      5286        1.641000E+00        1.742850E+01        2.820713E-03        9.702591E-06        0.000000E+00        0.000000E+00        6.650432E-05
      5287        1.641000E+00        2.528672E+01        2.290509E-03        4.135993E-06        0.000000E+00        0.000000E+00        6.072485E-05
      5288        1.641000E+00        5.264307E+00        2.428060E-03        1.525011E-06        0.000000E+00        7.053965E-06        1.641364E-05
      5289        1.641000E+00        6.756339E+00        2.596341E-03        8.646745E-06        0.000000E+00        0.000000E+00        4.317825E-05
      5290        1.641000E+00        7.509056E+00        2.691588E-03        1.131599E-05        0.000000E+00        0.000000E+00        4.829836E-05
      5291        1.641000E+00        3.668806E+00        2.624979E-03        0.000000E+00        9.148474E-06        4.520989E-06        1.993444E-05
      5292        1.641000E+00        1.020715E+01        2.775373E-03        0.000000E+00        1.960081E-05        1.246530E-06        2.881354E-05
      5293        1.641000E+00        1.082606E+01        2.542678E-03        6.223620E-06        0.000000E+00        1.903657E-06        5.008814E-05
      5294        1.641000E+00        1.883511E+00        2.343261E-03        0.000000E+00        7.794304E-06        0.000000E+00        5.401817E-05
      5295        1.641000E+00        3.538010E+00        2.519314E-03        1.083326E-05        0.000000E+00        2.397973E-07        3.746126E-05
      5296        1.641000E+00        1.083054E+01        2.456231E-03        0.000000E+00        7.329986E-06        2.763650E-06        6.101587E-05
      5297        1.641000E+00        1.149802E+01        2.799819E-03        0.000000E+00        2.232080E-05        8.212495E-07        2.668290E-05
      5298        1.641000E+00        1.421193E+01        2.572600E-03        0.000000E+00        1.849326E-05        3.056993E-06        2.109328E-05
      5299        1.641000E+00        1.649145E+01        2.494006E-03        7.154569E-06        0.000000E+00        0.000000E+00        5.506031E-05
      5300        1.641000E+00        1.282455E+01        2.596602E-03        0.000000E+00        6.714100E-06        7.753056E-06        2.219401E-05
      5301        1.641000E+00        4.713356E+00        2.364442E-03        3.421605E-06        0.000000E+00        4.734268E-06        2.402783E-05
      5302        1.641000E+00        1.438552E+01        2.355256E-03        0.000000E+00        1.627689E-05        1.617821E-06        5.012598E-05
      5303        1.641000E+00        9.268090E+00        2.588595E-03        1.102458E-05        0.000000E+00        1.591115E-06        2.411138E-05
      5304        1.641000E+00        5.688075E+00        2.710710E-03        9.745485E-06        0.000000E+00        0.000000E+00        4.262578E-05
      5305        1.641000E+00        3.972084E+00        2.135209E-03        0.000000E+00        9.549825E-06        0.000000E+00        5.067197E-05
      5306        1.641000E+00        6.466132E-01        2.259886E-03        5.222694E-06        0.000000E+00        0.000000E+00        5.912451E-05
      5307        1.641000E+00        2.658414E+01        2.514120E-03        0.000000E+00        1.194688E-05        9.051945E-06        2.016538E-05
      5308        1.641000E+00        2.438750E+00        2.590780E-03        4.629853E-06        0.000000E+00        3.969212E-06        2.874693E-05
      5309        1.641000E+00        3.364825E+00        2.792569E-03        1.288923E-05        0.000000E+00        2.417450E-06        2.222439E-05
      5310        1.641000E+00        5.854165E+00        2.356364E-03        0.000000E+00        1.464674E-05        0.000000E+00        5.541136E-05
      5311        1.641000E+00        1.285351E+01        2.378076E-03        8.082475E-06        0.000000E+00        1.765108E-06        3.291971E-05
      5312        1.641000E+00        9.993834E+00        2.460192E-03        5.258175E-06        0.000000E+00        2.606888E-06        4.017137E-05
      5313        1.641000E+00        1.113175E+01        2.258194E-03        6.421366E-06        0.000000E+00        4.897200E-06        2.587293E-05
      5314        1.641000E+00        3.088419E+00        2.700495E-03        9.530850E-06        0.000000E+00        5.951458E-06        1.814732E-05
      5315        1.641000E+00        1.291673E+01        2.537295E-03        8.979473E-06        0.000000E+00        0.000000E+00        4.258241E-05
      5316        1.641000E+00        3.812984E+00        2.530348E-03        0.000000E+00        1.442695E-05        2.238170E-06        3.248850E-05
      5317        1.641000E+00        2.637631E+00        2.370258E-03        0.000000E+00        1.232484E-05        3.251881E-06        4.140924E-05
      5318        1.641000E+00        9.528497E+00        2.637847E-03        5.737339E-06        0.000000E+00        4.433890E-06        2.482891E-05
      5319        1.641000E+00        3.333714E+00        2.471744E-03        5.636296E-06        0.000000E+00        4.634998E-06        2.191056E-05
      5320        1.641000E+00        2.951454E+00        2.610290E-03        0.000000E+00        1.135807E-05        4.255399E-06        1.711859E-05
      5321        1.641000E+00        3.597518E+00        2.166991E-03        1.838675E-06        0.000000E+00        5.881467E-06        2.265887E-05
      5322        1.641000E+00        3.524202E+00        2.464676E-03        6.728584E-06        0.000000E+00        1.596769E-06        5.554012E-05
      5323        1.641000E+00        9.043464E+00        2.878614E-03        1.174648E-05        0.000000E+00        3.452980E-06        1.946944E-05
      5324        1.641000E+00        3.319123E+00        2.543004E-03        5.147680E-06        0.000000E+00        6.691740E-06        1.737166E-05
      5325        1.641000E+00        1.731484E+00        2.608188E-03        4.678529E-06        0.000000E+00        3.973050E-06        3.397246E-05
      5326        1.641000E+00        1.159435E+00        2.617065E-03        0.000000E+00        2.264828E-05        1.918373E-06        2.240939E-05
      5327        1.641000E+00        9.791151E+00        2.338699E-03        5.830695E-06        0.000000E+00        1.484008E-06        6.175215E-05
      5328        1.641000E+00        9.824114E+00        2.337383E-03        3.424956E-06        0.000000E+00        2.751066E-06        3.977574E-05
      5329        1.641000E+00        1.751496E+01        2.945855E-03        8.763247E-06        0.000000E+00        0.000000E+00        5.965961E-05
      5330        1.641000E+00        2.907727E+00        2.417761E-03        9.276299E-06        0.000000E+00        1.832598E-06        5.112076E-05
      5331        1.641000E+00        4.684919E+00        2.345832E-03        1.310114E-06        0.000000E+00        6.402976E-06        1.911765E-05
      5332        1.641000E+00        3.625166E+00        2.245227E-03        7.826921E-06        0.000000E+00        4.227542E-06        4.617630E-05
      5333        1.641000E+00        5.132800E+00        2.495007E-03        8.150787E-06        0.000000E+00        4.186272E-06        2.628243E-05
      5334        1.641000E+00        6.752349E+00        2.515961E-03        5.349980E-06        0.000000E+00        4.098698E-06        2.847818E-05
      5335        1.641000E+00        3.569508E+00        2.287146E-03        0.000000E+00        1.755690E-05        1.894631E-06        3.031670E-05
      5336        1.641000E+00        5.963023E+00        2.336631E-03        5.620515E-06        0.000000E+00        5.374556E-06        2.495273E-05
