         0        1.000000E-01        5.011872E+00        1.488132E-03        8.067892E-02
         0        1.995262E-02        5.365784E+00        9.871400E-04        8.706332E-02
         0        1.000000E-01        5.011872E+00        1.744132E-03        8.009924E-02
         0        0.000000E+00        4.800774E+00        7.625620E-04        8.289987E-02
         0        3.981072E-02        4.508905E+00        1.218169E-03        7.894950E-02
         0        7.943282E-02        5.011872E+00        1.403838E-03        7.615725E-02
         0        3.322191E-02        4.856251E+00        8.434023E-04        7.494098E-02
         0        1.000000E-01        6.309573E+00        2.263000E-03        9.016894E-02
         0        0.000000E+00        5.001460E+00        7.706660E-04        8.564377E-02
         0        0.000000E+00        5.268643E+00        5.940549E-04        9.074889E-02
         0        2.511886E-02        5.011872E+00        9.353448E-04        8.232469E-02
         0        2.511886E-02        4.709896E+00        1.043585E-03        8.203696E-02
         0        5.011872E-02        5.011872E+00        1.328873E-03        8.035582E-02
         0        5.011872E-02        5.006324E+00        1.467684E-03        8.034811E-02
         0        7.943282E-02        5.560124E+00        1.660630E-03        7.707295E-02
         0        3.981072E-02        5.011872E+00        1.069785E-03        8.482353E-02
         0        6.309573E-02        5.987877E+00        1.355524E-03        9.122667E-02
         0        5.011872E-02        5.321640E+00        1.308720E-03        8.009207E-02
         0        7.943282E-02        4.538655E+00        1.556047E-03        6.510575E-02
         0        0.000000E+00        4.496368E+00        4.889596E-04        7.442623E-02
         0        0.000000E+00        5.358030E+00        9.703824E-04        8.672168E-02
         0        0.000000E+00        4.922296E+00        7.744820E-04        7.484188E-02
         0        5.011872E-02        5.011872E+00        1.345886E-03        8.157144E-02
         0        0.000000E+00        5.340005E+00        7.694929E-04        8.965140E-02
         0        1.000000E-01        5.011872E+00        1.733297E-03        7.652581E-02
         0        3.229803E-02        4.758006E+00        7.311030E-04        6.638190E-02
         0        3.162278E-02        5.407553E+00        8.959583E-04        9.094015E-02
         0        4.453816E-02        4.716962E+00        1.253179E-03        7.620087E-02
         0        0.000000E+00        4.971708E+00        6.081643E-04        7.933985E-02
         0        7.943282E-02        5.164661E+00        1.633916E-03        8.667422E-02
         0        0.000000E+00        5.011872E+00        6.040331E-04        8.693334E-02
         0        1.995262E-02        5.011872E+00        8.988099E-04        8.921859E-02
         0        0.000000E+00        4.596241E+00        3.588073E-04        8.475159E-02
         0        3.981072E-02        5.240253E+00        8.977007E-04        7.944263E-02
         0        6.309573E-02        5.011872E+00        1.135255E-03        8.012198E-02
         0        1.000000E-02        5.011872E+00        8.776226E-04        8.013100E-02
         0        1.258925E-02        5.011872E+00        8.865376E-04        8.655310E-02
         0        6.309573E-02        5.011872E+00        6.233444E-04        8.492636E-02
         0        0.000000E+00        5.577720E+00        8.949856E-04        8.731193E-02
         0        6.309573E-02        5.011872E+00        1.592078E-03        8.123668E-02
         0        7.943282E-02        4.661617E+00        1.800726E-03        7.328775E-02
         0        5.011872E-02        5.011872E+00        1.055494E-03        7.535281E-02
         0        6.309573E-02        5.011872E+00        9.071166E-04        7.923243E-02
         0        3.981072E-02        5.011872E+00        8.961504E-04        8.342840E-02
         0        3.981072E-02        4.927181E+00        1.072564E-03        7.674775E-02
         0        0.000000E+00        4.701258E+00        4.654486E-04        7.612323E-02
         0        7.943282E-02        5.011872E+00        1.565628E-03        7.991794E-02
         0        0.000000E+00        5.459863E+00        7.371880E-04        8.213019E-02
         0        1.000000E-01        5.011872E+00        1.379189E-03        7.687068E-02
         0        7.724736E-02        5.511903E+00        1.591390E-03        8.396822E-02
         0        1.000000E-02        5.011872E+00        9.616548E-04        8.207314E-02
         0        6.309573E-02        5.334709E+00        1.134134E-03        7.833542E-02
         0        0.000000E+00        5.011872E+00        6.970199E-04        8.639231E-02
         0        6.309573E-02        5.680414E+00        1.504722E-03        9.499587E-02
         0        7.943282E-02        5.011872E+00        1.549555E-03        7.850572E-02
         0        7.943282E-02        5.011872E+00        1.383628E-03        7.912909E-02
         0        0.000000E+00        5.011872E+00        5.877099E-04        8.200461E-02
         0        0.000000E+00        4.471341E+00        6.525198E-04        6.878488E-02
         0        3.162278E-02        5.011872E+00        1.267748E-03        8.683165E-02
         0        2.511886E-02        4.893872E+00        1.015973E-03        7.059019E-02
         0        6.309573E-02        5.294123E+00        1.240903E-03        8.808150E-02
         0        7.943282E-02        4.906042E+00        2.017747E-03        8.606671E-02
         0        1.995262E-02        5.529181E+00        9.761289E-04        8.736984E-02
         0        7.943282E-02        4.919300E+00        1.710591E-03        7.713869E-02
         0        7.943282E-02        4.832336E+00        1.755779E-03        8.398707E-02
         0        6.309573E-02        5.324585E+00        1.556987E-03        8.091881E-02
         0        6.309573E-02        5.443415E+00        1.334972E-03        8.588840E-02
         0        6.309573E-02        5.011872E+00        1.154333E-03        7.455623E-02
         0        1.995262E-02        5.011872E+00        1.094498E-03        8.065115E-02
         0        6.309573E-02        5.343172E+00        1.281128E-03        8.638216E-02
         0        4.190265E-02        4.805184E+00        1.363629E-03        7.530147E-02
         0        0.000000E+00        5.679752E+00        6.824467E-04        8.941705E-02
         0        1.000000E-01        5.011872E+00        2.458304E-03        8.405527E-02
         0        0.000000E+00        5.368106E+00        7.620432E-04        8.993846E-02
         0        0.000000E+00        5.242318E+00        6.490800E-04        8.236746E-02
         0        0.000000E+00        4.618096E+00        6.600440E-04        7.016466E-02
         0        0.000000E+00        4.803482E+00        9.481768E-04        7.581669E-02
         0        3.981072E-02        5.604583E+00        9.927980E-04        9.128260E-02
         0        7.943282E-02        4.947638E+00        1.795986E-03        7.920306E-02
         0        0.000000E+00        5.305127E+00        6.595207E-04        8.548657E-02
         0        1.000000E-01        5.011872E+00        2.255983E-03        7.761412E-02
         0        6.309573E-02        5.011872E+00        1.367030E-03        7.974913E-02
         0        1.000000E-01        5.011872E+00        1.619036E-03        8.159439E-02
         0        0.000000E+00        5.011872E+00        5.835320E-04        8.006430E-02
         0        3.981072E-02        4.659602E+00        1.102533E-03        7.991150E-02
         0        5.011872E-02        5.011872E+00        8.720555E-04        8.707940E-02
         0        1.000000E-01        5.011872E+00        1.591629E-03        7.536281E-02
         0        0.000000E+00        5.344123E+00        6.047743E-04        8.507311E-02
         0        6.309573E-02        5.011872E+00        1.488927E-03        7.968009E-02
         0        0.000000E+00        5.011872E+00        9.590253E-04        8.183147E-02
         0        1.000000E-01        5.011872E+00        1.539289E-03        7.627171E-02
         0        0.000000E+00        4.979362E+00        6.909709E-04        8.199554E-02
         0        1.584893E-02        4.623927E+00        9.472663E-04        7.162007E-02
         0        0.000000E+00        5.635756E+00        7.995117E-04        9.314476E-02
         0        5.312750E-02        5.413183E+00        1.552733E-03        7.916358E-02
         0        7.943282E-02        4.765336E+00        1.577854E-03        7.879549E-02
         0        2.512677E-02        4.934957E+00        1.139252E-03        8.050412E-02
         0        1.584893E-02        5.213451E+00        1.083491E-03        7.550398E-02
         0        5.011872E-02        5.011872E+00        7.873561E-04        8.720369E-02
         0        3.162278E-02        5.330407E+00        1.077898E-03        8.041099E-02
         0        0.000000E+00        4.839361E+00        7.494938E-04        7.714120E-02
         0        1.000000E-01        5.011872E+00        2.219821E-03        7.510267E-02
         0        3.981072E-02        4.866592E+00        6.841248E-04        7.584357E-02
         0        7.943282E-02        5.216180E+00        1.882392E-03        8.162679E-02
         0        1.258925E-02        4.687741E+00        7.535475E-04        8.368373E-02
         0        0.000000E+00        5.011872E+00        4.289706E-04        8.409649E-02
         0        7.943282E-02        4.812588E+00        1.592532E-03        6.978181E-02
         0        3.981072E-02        5.421897E+00        5.726585E-04        9.235317E-02
         0        5.011872E-02        4.841884E+00        1.277422E-03        8.414002E-02
         0        3.981072E-02        5.443840E+00        1.395544E-03        8.436836E-02
         0        3.981072E-02        5.540170E+00        1.102663E-03        8.233221E-02
         0        3.981072E-02        4.787665E+00        9.554663E-04        7.948981E-02
         0        1.000000E-02        5.011872E+00        7.109534E-04        8.158636E-02
         0        0.000000E+00        5.416634E+00        5.630504E-04        8.366786E-02
         0        0.000000E+00        4.982239E+00        7.171416E-04        8.421940E-02
         0        0.000000E+00        5.520131E+00        8.532191E-04        8.158377E-02
         0        0.000000E+00        5.011872E+00        8.398403E-04        7.466083E-02
         0        0.000000E+00        5.375700E+00        6.178019E-04        8.650321E-02
         0        3.981072E-02        5.011872E+00        1.317401E-03        7.271336E-02
         0        0.000000E+00        5.011872E+00        6.123597E-04        8.075161E-02
         0        1.000000E-01        5.011872E+00        1.603277E-03        7.492966E-02
         0        1.995262E-02        5.011872E+00        5.967178E-04        9.162626E-02
         0        3.162278E-02        4.828725E+00        1.049791E-03        7.549578E-02
         0        5.011872E-02        4.955560E+00        1.100554E-03        8.351499E-02
         0        1.000000E-02        3.981072E+00        6.271052E-04        6.375046E-02
         0        0.000000E+00        4.936993E+00        5.733097E-04        8.135154E-02
         0        7.943282E-02        5.549571E+00        1.795540E-03        8.866756E-02
         0        7.943282E-02        5.525997E+00        1.643113E-03        8.600684E-02
         0        2.511886E-02        4.816762E+00        7.279639E-04        7.474605E-02
         0        0.000000E+00        4.700805E+00        7.082032E-04        7.992729E-02
         0        3.162278E-02        5.291691E+00        1.208738E-03        9.178800E-02
         0        7.943282E-02        5.011872E+00        1.270401E-03        8.339732E-02
         0        1.000000E-01        5.011872E+00        1.354317E-03        8.242366E-02
         0        0.000000E+00        4.825530E+00        6.041407E-04        7.580706E-02
         0        0.000000E+00        5.011872E+00        7.307425E-04        7.815484E-02
         0        7.943282E-02        4.761372E+00        1.689547E-03        7.729380E-02
         0        3.162278E-02        4.826354E+00        8.516895E-04        8.408842E-02
         0        1.000000E-01        5.011872E+00        1.777104E-03        7.950825E-02
         0        6.309573E-02        5.011872E+00        1.607736E-03        8.320550E-02
         0        6.309573E-02        5.523950E+00        1.498941E-03        7.560444E-02
         0        1.000000E-02        5.011872E+00        6.883884E-04        8.303333E-02
         0        3.162278E-02        4.407298E+00        9.787630E-04        7.122283E-02
         0        1.995262E-02        4.872704E+00        1.088542E-03        7.390701E-02
         0        1.000000E-02        5.011872E+00        9.701374E-04        7.995406E-02
         0        0.000000E+00        5.423479E+00        5.831633E-04        9.103151E-02
         0        5.011872E-02        5.345974E+00        8.558102E-04        8.643686E-02
         0        1.000000E-02        5.011872E+00        6.315293E-04        7.502041E-02
         0        6.411310E-02        5.909854E+00        1.410604E-03        9.221042E-02
         0        2.511886E-02        4.685867E+00        8.080878E-04        8.123870E-02
         0        3.981072E-02        5.430535E+00        1.231240E-03        8.369718E-02
         0        3.981072E-02        5.718532E+00        9.122407E-04        8.917663E-02
         0        1.000000E-01        5.011872E+00        1.678382E-03        7.814915E-02
         0        2.511886E-02        5.011872E+00        1.164338E-03        7.662505E-02
         0        0.000000E+00        5.011872E+00        5.942409E-04        9.148844E-02
         0        5.011872E-02        5.444531E+00        9.565299E-04        8.546814E-02
         0        2.511886E-02        5.627718E+00        9.091104E-04        9.200231E-02
         0        1.000000E-02        5.011872E+00        8.357321E-04        8.249640E-02
         0        0.000000E+00        5.304823E+00        7.165115E-04        9.061766E-02
         0        6.309573E-02        4.775273E+00        1.393706E-03        7.372339E-02
         0        3.981072E-02        4.989401E+00        9.053685E-04        7.902993E-02
         0        0.000000E+00        5.477361E+00        1.120837E-03        8.640567E-02
         0        1.000000E-02        5.011872E+00        7.361012E-04        7.762937E-02
         0        5.011872E-02        5.049701E+00        1.109638E-03        7.341094E-02
         0        1.000000E-01        5.011872E+00        1.734776E-03        7.599524E-02
         0        5.011872E-02        4.636956E+00        1.408612E-03        7.192353E-02
         0        7.943282E-02        5.124854E+00        1.788000E-03        7.161873E-02
         0        7.943282E-02        5.011872E+00        1.629102E-03        7.524214E-02
         0        0.000000E+00        4.849164E+00        7.200750E-04        8.263477E-02
         0        1.000000E-02        5.011872E+00        7.693892E-04        7.576713E-02
         0        1.000000E-01        5.011872E+00        1.579701E-03        8.191641E-02
         0        6.309573E-02        5.011872E+00        1.400860E-03        8.543931E-02
         0        1.000000E-01        5.011872E+00        2.315386E-03        7.361377E-02
         0        5.011872E-02        5.011872E+00        1.301278E-03        8.087493E-02
         0        0.000000E+00        5.262562E+00        7.802343E-04        8.672179E-02
         0        0.000000E+00        4.833389E+00        5.232057E-04        7.254223E-02
         0        1.000000E-01        5.011872E+00        1.462748E-03        8.157461E-02
         0        1.000000E-01        5.011872E+00        2.364193E-03        7.981909E-02
         0        0.000000E+00        4.460537E+00        6.938183E-04        7.069253E-02
         0        1.000000E-01        5.011872E+00        1.806958E-03        7.840000E-02
         0        3.981072E-02        5.346922E+00        1.244743E-03        9.067899E-02
         0        1.584893E-02        5.496814E+00        8.142385E-04        9.359405E-02
         0        0.000000E+00        5.601782E+00        7.956922E-04        8.222087E-02
         0        3.981072E-02        5.011872E+00        9.730952E-04        8.751265E-02
         0        3.162278E-02        4.423521E+00        7.975415E-04        6.987523E-02
         0        6.309573E-02        4.887983E+00        1.326276E-03        7.904044E-02
         0        1.000000E-02        5.011872E+00        5.820582E-04        8.343960E-02
         0        0.000000E+00        4.592428E+00        7.735025E-04        7.943114E-02
         0        0.000000E+00        5.558368E+00        7.570405E-04        8.452677E-02
         0        0.000000E+00        4.817085E+00        5.570220E-04        8.055649E-02
         0        1.000000E-01        6.309573E+00        1.837333E-03        9.650313E-02
         0        2.511886E-02        5.011872E+00        8.741826E-04        8.024573E-02
         0        5.011872E-02        5.775896E+00        1.344429E-03        8.683089E-02
         0        0.000000E+00        5.011872E+00        5.614290E-04        8.106372E-02
         0        6.309573E-02        5.011872E+00        1.491156E-03        7.551856E-02
         0        1.584893E-02        5.011872E+00        7.826120E-04        8.461476E-02
         0        1.000000E-01        5.011872E+00        1.741258E-03        8.101055E-02
         0        3.981072E-02        5.011872E+00        1.312651E-03        8.335371E-02
         0        1.000000E-01        5.011872E+00        1.564503E-03        8.389559E-02
         0        5.011872E-02        5.284144E+00        1.330208E-03        7.898292E-02
         0        0.000000E+00        5.011872E+00        6.250865E-04        9.403731E-02
         0        0.000000E+00        4.419171E+00        6.297767E-04        6.416541E-02
         0        5.011872E-02        4.691520E+00        8.328464E-04        7.655703E-02
         0        0.000000E+00        4.600696E+00        6.731022E-04        7.107206E-02
         0        2.511886E-02        4.945912E+00        9.192609E-04        8.143727E-02
         0        1.995262E-02        5.215007E+00        8.368244E-04        9.224736E-02
         0        1.584893E-02        5.004381E+00        6.873272E-04        7.892667E-02
         0        0.000000E+00        5.435268E+00        6.319580E-04        9.206095E-02
         0        1.584893E-02        5.011872E+00        8.241382E-04        7.796459E-02
         0        2.511886E-02        4.386918E+00        5.984332E-04        7.107324E-02
         0        0.000000E+00        4.905508E+00        6.865897E-04        7.286131E-02
         0        0.000000E+00        5.011872E+00        5.853579E-04        8.111397E-02
         0        1.258925E-02        5.011872E+00        6.906863E-04        8.235725E-02
         0        3.162278E-02        4.867368E+00        1.218538E-03        6.802686E-02
         0        7.943282E-02        5.011872E+00        1.110924E-03        7.763220E-02
         0        2.511886E-02        4.750558E+00        9.072768E-04        7.607672E-02
         0        1.000000E-02        5.011872E+00        7.188439E-04        8.032237E-02
         0        7.943282E-02        4.646119E+00        1.753458E-03        6.525720E-02
         0        0.000000E+00        5.680100E+00        8.184517E-04        9.125367E-02
         0        1.000000E-01        5.011872E+00        1.895009E-03        8.663263E-02
         0        1.000000E-02        5.011872E+00        7.665519E-04        8.195678E-02
         0        3.497196E-02        4.751129E+00        1.028748E-03        7.849990E-02
         0        3.162278E-02        4.436027E+00        8.355642E-04        7.711106E-02
         0        0.000000E+00        5.517988E+00        7.513356E-04        8.245986E-02
         0        5.011872E-02        4.875091E+00        1.175552E-03        8.685370E-02
         0        5.011872E-02        5.011872E+00        1.192091E-03        8.188450E-02
         0        3.981072E-02        4.901216E+00        1.029020E-03        8.447010E-02
         0        1.360434E-02        4.882667E+00        9.204832E-04        8.257399E-02
         0        5.011872E-02        4.903689E+00        1.249197E-03        8.093345E-02
         0        1.000000E-02        5.011872E+00        6.820282E-04        8.212400E-02
         0        0.000000E+00        5.392404E+00        8.646015E-04        8.581311E-02
         0        0.000000E+00        5.407394E+00        7.509297E-04        8.117693E-02
         0        0.000000E+00        5.011872E+00        6.277983E-04        7.652532E-02
         0        0.000000E+00        5.460557E+00        6.978763E-04        8.128894E-02
         0        7.943282E-02        4.801305E+00        1.238377E-03        7.686259E-02
         0        1.995262E-02        4.733666E+00        5.615814E-04        8.611287E-02
         0        0.000000E+00        5.417844E+00        6.094520E-04        8.855699E-02
         0        2.511886E-02        5.011872E+00        8.072415E-04        8.632765E-02
         0        6.309573E-02        5.491115E+00        1.382827E-03        8.921833E-02
         0        1.000000E-02        5.011872E+00        9.256740E-04        8.353453E-02
         0        7.943282E-02        5.444725E+00        1.186258E-03        8.326986E-02
         0        2.511886E-02        4.608501E+00        6.995475E-04        7.545445E-02
         0        1.000000E-01        5.011872E+00        1.785806E-03        8.450173E-02
         0        7.943282E-02        5.011872E+00        1.760139E-03        8.546823E-02
         0        6.309573E-02        5.011872E+00        1.312074E-03        8.808613E-02
         0        1.258925E-02        5.011872E+00        7.463757E-04        8.930117E-02
         0        1.000000E-02        5.011872E+00        5.961374E-04        8.031327E-02
         0        0.000000E+00        5.011872E+00        6.966848E-04        7.474944E-02
         0        6.309573E-02        4.717094E+00        1.569145E-03        7.657127E-02
         0        3.162278E-02        4.866988E+00        9.556741E-04        7.715239E-02
         0        0.000000E+00        4.493444E+00        5.681980E-04        7.109712E-02
         0        6.309573E-02        4.480418E+00        1.257887E-03        7.267039E-02
         0        0.000000E+00        4.620636E+00        7.282065E-04        7.452054E-02
         0        1.995262E-02        4.779990E+00        1.116656E-03        8.503438E-02
         0        1.000000E-01        5.011872E+00        1.849280E-03        6.903387E-02
         0        3.981072E-02        4.972019E+00        9.632799E-04        7.852907E-02
         0        1.000000E-02        3.981072E+00        9.904788E-04        6.041256E-02
         0        5.011872E-02        5.572909E+00        1.207100E-03        9.431217E-02
         0        0.000000E+00        5.515807E+00        4.614622E-04        8.971250E-02
         0        1.258925E-02        4.438331E+00        7.874707E-04        7.348294E-02
         0        6.309573E-02        5.011872E+00        1.025862E-03        8.847893E-02
         0        6.309573E-02        4.851343E+00        1.430878E-03        8.374073E-02
         0        5.011872E-02        5.011872E+00        8.789380E-04        8.334102E-02
         0        3.981072E-02        5.359182E+00        8.929025E-04        9.086929E-02
         0        1.995262E-02        4.932597E+00        6.647571E-04        8.444242E-02
         0        7.943282E-02        5.313413E+00        1.446304E-03        8.769313E-02
         0        3.162278E-02        4.992760E+00        7.201763E-04        8.026541E-02
         0        7.943282E-02        4.697449E+00        1.569552E-03        6.947263E-02
         0        5.011872E-02        4.965439E+00        1.461784E-03        7.190639E-02
         0        1.000000E-01        3.981072E+00        1.847909E-03        6.330155E-02
         0        0.000000E+00        4.995330E+00        4.992520E-04        8.514829E-02
         0        1.000000E-02        5.011872E+00        7.575559E-04        8.676192E-02
         0        3.162278E-02        5.011872E+00        9.426363E-04        8.092634E-02
         0        0.000000E+00        5.497136E+00        7.142599E-04        8.087501E-02
         0        1.000000E-01        5.011872E+00        2.182924E-03        7.738223E-02
         0        3.162278E-02        5.349913E+00        1.210799E-03        7.250900E-02
         0        2.511886E-02        5.196639E+00        9.671038E-04        8.856649E-02
         0        6.309573E-02        5.011872E+00        1.158294E-03        7.809015E-02
         0        1.995262E-02        4.822160E+00        7.694560E-04        7.317119E-02
         0        5.011872E-02        4.618373E+00        1.235542E-03        7.765763E-02
         0        1.584893E-02        4.786764E+00        7.377057E-04        7.371905E-02
         0        5.011872E-02        4.833934E+00        9.382304E-04        8.312731E-02
         0        0.000000E+00        4.632702E+00        5.989716E-04        7.768571E-02
         0        0.000000E+00        5.011872E+00        5.543574E-04        8.957688E-02
         0        3.162278E-02        5.011872E+00        1.105635E-03        8.377721E-02
         0        0.000000E+00        5.004140E+00        5.447778E-04        8.315692E-02
         0        6.309573E-02        5.011872E+00        9.796130E-04        8.049985E-02
         0        1.000000E-01        6.309573E+00        2.187652E-03        9.278703E-02
         0        1.000000E-01        5.011872E+00        1.997537E-03        7.534602E-02
         0        0.000000E+00        4.464658E+00        5.399248E-04        7.987075E-02
         0        5.011872E-02        5.358035E+00        1.420343E-03        8.540632E-02
         0        6.309573E-02        5.499789E+00        1.588769E-03        8.853948E-02
         0        0.000000E+00        5.011872E+00        6.557411E-04        8.634838E-02
         0        0.000000E+00        5.575823E+00        9.478180E-04        9.129558E-02
         0        6.309573E-02        5.011872E+00        1.647644E-03        8.364110E-02
         0        1.000000E-01        5.011872E+00        1.776921E-03        7.708129E-02
         0        5.011872E-02        5.389652E+00        1.232284E-03        8.287254E-02
         0        1.000000E-01        5.011872E+00        2.007110E-03        8.079744E-02
         0        0.000000E+00        5.656159E+00        8.777310E-04        9.209971E-02
         0        0.000000E+00        5.222449E+00        6.938609E-04        8.462538E-02
         0        1.000000E-01        5.011872E+00        1.811202E-03        8.204002E-02
         0        3.162278E-02        5.011872E+00        7.300692E-04        8.541490E-02
         0        3.162278E-02        4.540786E+00        7.903925E-04        7.777804E-02
         0        1.000000E-01        5.011872E+00        1.648888E-03        7.747585E-02
         0        0.000000E+00        5.489072E+00        7.931410E-04        8.515153E-02
         0        5.011872E-02        5.429085E+00        1.402170E-03        8.916850E-02
         0        6.309573E-02        4.424346E+00        1.666848E-03        7.023743E-02
         0        1.000000E-01        5.011872E+00        1.944894E-03        7.433870E-02
         0        1.258925E-02        5.011872E+00        6.633376E-04        8.270169E-02
         0        3.162278E-02        5.011872E+00        9.456269E-04        8.522342E-02
         0        0.000000E+00        5.450803E+00        7.310688E-04        9.186124E-02
         0        1.000000E-01        5.011872E+00        1.822750E-03        7.751231E-02
         0        3.981072E-02        4.814311E+00        1.082890E-03        7.822654E-02
         0        6.309573E-02        4.798183E+00        1.321432E-03        8.092774E-02
         0        5.011872E-02        4.673819E+00        8.510868E-04        7.428302E-02
         0        0.000000E+00        5.338268E+00        5.969539E-04        8.883245E-02
         0        7.943282E-02        5.011872E+00        1.400743E-03        8.346403E-02
         0        5.011872E-02        4.923478E+00        1.068706E-03        8.323550E-02
         0        6.309573E-02        5.011872E+00        1.362152E-03        7.796936E-02
         0        1.258925E-02        5.011872E+00        8.167441E-04        8.677166E-02
         0        5.011872E-02        5.011872E+00        7.207452E-04        8.130773E-02
         0        3.162278E-02        5.011872E+00        5.631139E-04        8.586516E-02
         0        0.000000E+00        4.440714E+00        7.453607E-04        7.128292E-02
         0        1.000000E-01        5.011872E+00        1.826986E-03        8.107523E-02
