         1        3.958101E-05        3.942914E-05        2.077961E-06         1        1.246378E+00
         1        1.687871E-04        1.706562E-04        8.439357E-06         1        1.720068E+00
         1        4.741016E-03        4.435786E-03        2.370508E-04         1        4.000625E+00
         1        1.046743E-02        1.210247E-02        9.737268E-04         1        8.298263E+00
         1        0.000000E+00        8.092608E-06        0.000000E+00         0        3.874800E-01
         1        0.000000E+00        1.138743E-05        0.000000E+00         0        4.746211E-01
         1        0.000000E+00        1.396720E-05        0.000000E+00         0        6.199975E-01
         1        0.000000E+00        1.641761E-05        0.000000E+00         0        8.089146E-01
         1        0.000000E+00        5.734833E-06        0.000000E+00         0        2.325059E-01
         1        1.091576E-05        1.101076E-05        1.488966E-06         1        4.651756E-01
         1        0.000000E+00        1.415960E-05        0.000000E+00         0        6.205809E-01
         1        0.000000E+00        1.661764E-05        0.000000E+00         0        8.149094E-01
         1        0.000000E+00        4.661438E-05        0.000000E+00         0        1.344399E+00
         1        0.000000E+00        1.471797E-04        0.000000E+00         0        1.701262E+00
         1        4.301666E-06        4.581753E-06        1.562265E-06         1        1.323713E-01
         1        5.317595E-06        5.262655E-06        6.689200E-07         1        1.751573E-01
         1        5.776706E-06        5.734833E-06        9.486114E-07         1        2.325059E-01
         1        7.032320E-06        7.290792E-06        1.462923E-06         1        2.828911E-01
         1        1.124247E-05        7.167404E-06        5.922179E-06         1        3.369099E-01
         2        4.578117E-05        4.918558E-05        2.445629E-06         1        7.888053E-01
         2        8.616668E-05        8.807799E-05        4.308334E-06         1        1.088593E+00
         2        2.791717E-03        2.921277E-03        1.517047E-04         1        2.531908E+00
         2        1.192999E-02        1.092923E-02        9.229859E-04         1        5.251788E+00
         2        0.000000E+00        8.715418E-06        0.000000E+00         0        2.452276E-01
         2        1.239312E-05        1.034991E-05        4.105528E-06         1        3.003773E-01
         2        1.886923E-05        1.217905E-05        7.047077E-06         1        3.923828E-01
         2        5.544784E-05        2.357312E-05        1.294108E-05         1        5.119443E-01
         2        8.995519E-06        9.500767E-06        6.445870E-07         1        1.471479E-01
         2        0.000000E+00        1.037489E-05        0.000000E+00         0        2.943994E-01
         2        0.000000E+00        1.226532E-05        0.000000E+00         0        3.927520E-01
         2        0.000000E+00        2.366682E-05        0.000000E+00         0        5.157382E-01
         2        5.286190E-05        5.303290E-05        2.643095E-06         1        8.508403E-01
         2        9.205859E-05        8.261509E-05        4.602929E-06         1        1.076691E+00
         2        1.162353E-06        1.425407E-06        9.747046E-07         1        8.377491E-02
         2        9.441193E-06        8.976510E-06        4.720596E-07         1        1.108532E-01
         2        1.007666E-05        9.500767E-06        5.062550E-07         1        1.471479E-01
         2        7.223129E-06        8.700640E-06        6.357298E-07         1        1.790356E-01
         2        9.525844E-06        8.363142E-06        2.585989E-06         1        2.132229E-01
         3        2.888596E-05        3.385325E-05        2.367841E-06         1        1.062071E+00
         3        5.367096E-05        5.378632E-05        3.905190E-06         1        1.465715E+00
         3        2.555473E-03        2.539012E-03        1.277737E-04         1        3.409036E+00
         3        1.109277E-02        1.124748E-02        7.151774E-04         1        7.071166E+00
         3        0.000000E+00        7.912748E-06        0.000000E+00         0        3.301818E-01
         3        0.000000E+00        9.498622E-06        0.000000E+00         0        4.044370E-01
         3        0.000000E+00        1.341790E-05        0.000000E+00         0        5.283160E-01
         3        2.779400E-05        2.001759E-05        7.263318E-06         1        6.892971E-01
         3        4.142154E-06        4.229049E-06        6.336823E-07         1        1.981243E-01
         3        8.039961E-06        9.302154E-06        1.603199E-06         1        3.963882E-01
         3        0.000000E+00        1.336974E-05        0.000000E+00         0        5.288131E-01
         3        0.000000E+00        1.996750E-05        0.000000E+00         0        6.944054E-01
         3        3.719998E-05        3.554821E-05        1.935828E-06         1        1.145597E+00
         3        5.225700E-05        4.999108E-05        2.612850E-06         1        1.449689E+00
         3        2.177483E-06        1.495316E-06        1.329563E-06         1        1.127971E-01
         3        3.110324E-06        3.082399E-06        4.867717E-07         1        1.492561E-01
         3        3.615358E-06        4.229049E-06        8.015069E-07         1        1.981243E-01
         3        6.864835E-06        5.417024E-06        1.128233E-06         1        2.410589E-01
         3        4.248236E-06        7.716231E-06        4.156802E-06         1        2.870897E-01
         4        2.147271E-05        2.216018E-05        2.116149E-06         1        7.985649E-01
         4        3.001507E-05        3.399208E-05        4.174380E-06         1        1.102062E+00
         4        2.086755E-03        2.091614E-03        1.133963E-04         1        2.563234E+00
         4        1.103164E-02        1.099914E-02        7.417177E-04         1        5.316767E+00
         4        0.000000E+00        6.334830E-06        0.000000E+00         0        2.482617E-01
         4        0.000000E+00        7.131796E-06        0.000000E+00         0        3.040937E-01
         4        0.000000E+00        7.475042E-06        0.000000E+00         0        3.972376E-01
         4        0.000000E+00        1.182312E-05        0.000000E+00         0        5.182784E-01
         4        6.899637E-06        6.897704E-06        3.449819E-07         1        1.489685E-01
         4        7.880141E-06        7.279811E-06        1.085053E-06         1        2.980419E-01
         4        0.000000E+00        7.512058E-06        0.000000E+00         0        3.976114E-01
         4        0.000000E+00        1.184489E-05        0.000000E+00         0        5.221193E-01
         4        2.261011E-05        2.350093E-05        1.892964E-06         1        8.613674E-01
         4        3.402081E-05        3.253355E-05        1.701041E-06         1        1.090013E+00
         4        1.317567E-06        1.666079E-06        9.008654E-07         1        8.481143E-02
         4        7.041772E-06        6.669983E-06        3.853920E-07         1        1.122247E-01
         4        6.604013E-06        6.897704E-06        5.286937E-07         1        1.489685E-01
         4        5.343453E-06        6.304273E-06        6.681668E-07         1        1.812507E-01
         4        7.276824E-06        6.073665E-06        2.259390E-06         1        2.158610E-01
         5        3.517927E-05        3.379910E-05        2.203289E-06         1        6.734215E-01
         5        6.253734E-05        6.467878E-05        3.859134E-06         1        9.293577E-01
         5        3.232000E-03        3.117423E-03        1.616000E-04         1        2.161549E+00
         5        1.089031E-02        1.156348E-02        8.425488E-04         1        4.483575E+00
         5        0.000000E+00        8.310153E-06        0.000000E+00         0        2.093565E-01
         5        0.000000E+00        9.624922E-06        0.000000E+00         0        2.564391E-01
         5        0.000000E+00        1.120678E-05        0.000000E+00         0        3.349864E-01
         5        0.000000E+00        1.865727E-05        0.000000E+00         0        4.370588E-01
         5        5.707241E-06        5.737714E-06        2.853621E-07         1        1.256236E-01
         5        0.000000E+00        9.499231E-06        0.000000E+00         0        2.513357E-01
         5        9.212552E-06        1.125768E-05        1.985507E-06         1        3.353016E-01
         5        1.863563E-05        1.907004E-05        3.094291E-06         1        4.402978E-01
         5        0.000000E+00        3.548881E-05        0.000000E+00         0        7.263823E-01
         5        0.000000E+00        5.907350E-05        0.000000E+00         0        9.191964E-01
         5        0.000000E+00        1.435102E-12        1.525020E-06         2        7.152060E-02
         5        1.545571E-06        2.009451E-06        5.034644E-07         1        9.463797E-02
         5        6.893207E-06        5.737714E-06        8.352038E-07         1        1.256236E-01
         5        7.799236E-06        7.833379E-06        1.237297E-06         1        1.528469E-01
         5        8.742557E-06        7.886095E-06        6.145485E-06         1        1.820334E-01
