3.034939000000000039e-02 0.000000000000000000e+00 6.357105420784999062e-06 0.000000000000000000e+00 1.955349160426014552e-05 4.917521780211282310e-14
3.105631999999999837e-02 0.000000000000000000e+00 6.592298270900069327e-06 0.000000000000000000e+00 2.117594988573005642e-05 3.657310777062000957e-13
3.177971999999999742e-02 0.000000000000000000e+00 6.805960361826432502e-06 0.000000000000000000e+00 2.153631210755499201e-05 2.360916521369232887e-12
3.251996000000000053e-02 0.000000000000000000e+00 7.041566188054269624e-06 0.000000000000000000e+00 2.289159693612212969e-05 1.333366236626640022e-11
3.327745000000000009e-02 0.000000000000000000e+00 7.246471276831757112e-06 0.000000000000000000e+00 2.348440682285258732e-05 6.666179581201844493e-11
3.405257999999999896e-02 0.000000000000000000e+00 7.428477625817466995e-06 0.000000000000000000e+00 2.342507314222898494e-05 2.975799639516074268e-10
3.484576999999999813e-02 0.000000000000000000e+00 7.633941711239661287e-06 0.000000000000000000e+00 2.475432331966077537e-05 1.195486077505764337e-09
3.565742999999999691e-02 0.000000000000000000e+00 7.979605993906235302e-06 0.000000000000000000e+00 3.433961936436780138e-05 4.349801045488692117e-09
3.648799999999999960e-02 0.000000000000000000e+00 8.447767874981470593e-06 0.000000000000000000e+00 5.137628259198050054e-05 1.440905844147522033e-08
3.733791000000000193e-02 0.000000000000000000e+00 8.671747644780523022e-06 0.000000000000000000e+00 5.502335125087492139e-05 4.383788552591928107e-08
3.820761999999999770e-02 0.000000000000000000e+00 8.680950758937816110e-06 0.000000000000000000e+00 4.860515213354988447e-05 1.232385945696660188e-07
3.909759000000000151e-02 0.000000000000000000e+00 9.004357299906657217e-06 0.000000000000000000e+00 6.047839089907863547e-05 3.218978381130770815e-07
4.000829000000000191e-02 0.000000000000000000e+00 9.472226886364813739e-06 0.000000000000000000e+00 8.089035086810107288e-05 7.845650205927040300e-07
4.094020999999999771e-02 0.000000000000000000e+00 9.746305082039488445e-06 0.000000000000000000e+00 9.097315947341554998e-05 1.790322615376273651e-06
4.189382999999999996e-02 0.000000000000000000e+00 9.755177912218674819e-06 0.000000000000000000e+00 8.671909463038801960e-05 3.850138285616928464e-06
4.286965999999999694e-02 0.000000000000000000e+00 9.761392098181007732e-06 0.000000000000000000e+00 8.262524841169354805e-05 7.836452170025318860e-06
4.386821999999999944e-02 0.000000000000000000e+00 1.001115570553846193e-05 0.000000000000000000e+00 9.300503387242963610e-05 1.515426763344422952e-05
4.489003999999999911e-02 0.000000000000000000e+00 1.014205742389311840e-05 0.000000000000000000e+00 9.857179716964946652e-05 2.792352421561182358e-05
4.593566999999999789e-02 0.000000000000000000e+00 1.003304103855329665e-05 0.000000000000000000e+00 9.080567062243717559e-05 4.912922391996987699e-05
4.700564000000000131e-02 0.000000000000000000e+00 1.007871331513630526e-05 0.000000000000000000e+00 9.283088641639321206e-05 8.294478143135366338e-05
4.810054999999999886e-02 0.000000000000000000e+00 1.020400557720734377e-05 0.000000000000000000e+00 1.001995694581898119e-04 1.347817047476116098e-04
4.922094999999999942e-02 0.000000000000000000e+00 1.015119229280081618e-05 0.000000000000000000e+00 9.572030565901025348e-05 2.113628847844393316e-04
5.036746000000000278e-02 0.000000000000000000e+00 1.029279604005777186e-05 0.000000000000000000e+00 1.081816587833147919e-04 3.204743620930595917e-04
5.154066000000000203e-02 0.000000000000000000e+00 1.078021605703202192e-05 0.000000000000000000e+00 1.606574691904906352e-04 4.703724078979290720e-04
5.274120000000000197e-02 0.000000000000000000e+00 1.056888268666174684e-05 0.000000000000000000e+00 1.502431269628682156e-04 6.707072288928534430e-04
5.396970000000000239e-02 0.000000000000000000e+00 1.010008988407510410e-05 0.000000000000000000e+00 1.267541263829770814e-04 9.309729015254656790e-04
5.522682000000000285e-02 1.480798079264626934e-306 1.004673155387894691e-05 0.000000000000000000e+00 1.339001637343556115e-04 1.260086502339456379e-03
5.651322000000000290e-02 5.747853120070200984e-286 1.048395489703291664e-05 0.000000000000000000e+00 1.727641829886557507e-04 1.664973957102324409e-03
5.782957999999999849e-02 7.534941297382758333e-267 1.052008586348216116e-05 0.000000000000000000e+00 1.804199781682674897e-04 2.149020796304078416e-03
5.917660000000000281e-02 4.246398962013710690e-249 1.031730759434727049e-05 0.000000000000000000e+00 1.742764841935200322e-04 2.716976083362150803e-03
6.055499999999999772e-02 1.286254709543562767e-232 9.845410418045380738e-06 0.000000000000000000e+00 1.535195630602273140e-04 3.369429342302031512e-03
6.196551000000000142e-02 2.577468902188665812e-217 1.004795354591212375e-05 0.000000000000000000e+00 1.843966027261016954e-04 4.103887186245398951e-03
6.340887000000000606e-02 4.143299096841302469e-203 9.992624086457298866e-06 0.000000000000000000e+00 1.920626355007417979e-04 4.913001195800606805e-03
6.488584999999999492e-02 6.389716807202073965e-190 9.890177967923953698e-06 0.000000000000000000e+00 1.937200287803384185e-04 5.783116563793934753e-03
6.639723999999999626e-02 1.118424182491388648e-177 9.751767638354134402e-06 0.000000000000000000e+00 1.959937008225590214e-04 6.707143790764765780e-03
6.794382999999999673e-02 2.595522363627024913e-166 9.605535112976716313e-06 0.000000000000000000e+00 1.982714201486578619e-04 7.672322944782623312e-03
6.952643999999999491e-02 9.227260354834539605e-156 9.406025943032603152e-06 0.000000000000000000e+00 1.974757833027301489e-04 8.664139170994459432e-03
7.114592000000000138e-02 5.745110089317540051e-146 9.220100472310238576e-06 0.000000000000000000e+00 1.994217600668217916e-04 9.663278201566257580e-03
7.280311999999999895e-02 7.093152404010766906e-137 9.310673619738548968e-06 0.000000000000000000e+00 2.241196041259371828e-04 1.064599001617854389e-02
7.449893000000000487e-02 1.951914272816863438e-128 9.040130108138726646e-06 0.000000000000000000e+00 2.193169255805762390e-04 1.160373075439250466e-02
7.623423000000000005e-02 1.333597183111512174e-120 8.633042708730624039e-06 0.000000000000000000e+00 2.059441223202793450e-04 1.252213566067537052e-02
7.800994999999999457e-02 2.500594140443550096e-113 8.452861021034777426e-06 0.000000000000000000e+00 2.098944213343058166e-04 1.338712226174789202e-02
7.982704000000000188e-02 1.412035445172473638e-106 8.352730885987513996e-06 0.000000000000000000e+00 2.172140288728628113e-04 1.418277632300977802e-02
8.168644999999999379e-02 2.617145648671533711e-100 8.235470761027050308e-06 0.000000000000000000e+00 2.226238590795809639e-04 1.489199189471145102e-02
8.358917000000000430e-02 1.726718503399472468e-94 7.770794058981286438e-06 0.000000000000000000e+00 1.984070995239975497e-04 1.551671427672394674e-02
8.553621000000000141e-02 4.370287350217402506e-89 7.773779082362286305e-06 0.000000000000000000e+00 2.200276744988354731e-04 1.605305726667363361e-02
8.752861000000000669e-02 4.548494880966116562e-84 7.623339786405734328e-06 0.000000000000000000e+00 2.262434830517652225e-04 1.649936412831073257e-02
8.956741000000000008e-02 2.076039426839308976e-79 7.393008314854172240e-06 0.000000000000000000e+00 2.264173085294845643e-04 1.685267402506912537e-02
9.165370000000000461e-02 7.965969266998171718e-74 1.478173415191380948e-04 0.000000000000000000e+00 6.551674701707606470e-03 3.090097717864467297e-01
9.378859000000000501e-02 8.330851103126222922e-70 2.359420505150372472e-04 0.000000000000000000e+00 2.072235291831392434e-02 3.120475371009486243e-01
9.597321000000000324e-02 4.534350958053697943e-66 2.855201136865623246e-04 0.000000000000000000e+00 3.096712127133242204e-02 3.148397810091909110e-01
9.820871000000000461e-02 1.346743461832981227e-62 2.248790557351873390e-04 0.000000000000000000e+00 2.162238097319557975e-02 3.173163411028625536e-01
1.004962999999999967e-01 2.280330699624219272e-59 2.745791676478615776e-04 0.000000000000000000e+00 3.359954444529075074e-02 3.193436355304769547e-01
1.028371000000000007e-01 2.373464031595281521e-56 2.668096918972812895e-04 0.000000000000000000e+00 2.956300695260908815e-02 3.321440550136063319e-01
1.052325000000000066e-01 1.477115575032809517e-53 3.199947111091629680e-04 0.000000000000000000e+00 4.371261962747018809e-02 3.343236958519079649e-01
1.076836999999999933e-01 5.873835702883282658e-51 2.908697357277468696e-04 0.000000000000000000e+00 3.914609778090256953e-02 3.359679463497666219e-01
1.101919999999999983e-01 1.541531757463170420e-48 2.988567412102490070e-04 0.000000000000000000e+00 4.206648151482716286e-02 3.369503284892895745e-01
1.127587000000000034e-01 2.722450625038709808e-46 2.813616508035589846e-04 0.000000000000000000e+00 4.004917379878829981e-02 3.336236584520540505e-01
1.153851999999999933e-01 3.493451253204274811e-44 2.842929859661879883e-04 0.000000000000000000e+00 4.214943835378091863e-02 3.423524008976999711e-01
1.180728000000000055e-01 3.379934477678780580e-42 2.447794109619065225e-04 0.000000000000000000e+00 3.608926247979833690e-02 3.681059509952187558e-01
1.208231000000000027e-01 2.281075629170513053e-40 2.096786832935117586e-04 0.000000000000000000e+00 2.726706672116410018e-02 3.745334321638143504e-01
1.236373999999999945e-01 1.142179341874547337e-38 2.838647513195942580e-04 0.000000000000000000e+00 4.528133868056335304e-02 3.750608316472142101e-01
1.265172999999999992e-01 4.115822951555161148e-37 2.933644587189657583e-04 0.000000000000000000e+00 4.917713200013245495e-02 3.512207875274807045e-01
1.294643000000000044e-01 1.219478074918944313e-35 2.846578420441972361e-04 0.000000000000000000e+00 4.897583864043448393e-02 3.447252732265647657e-01
1.324799000000000115e-01 2.911609352061003691e-34 2.892257623874999154e-04 0.000000000000000000e+00 5.134897417585425339e-02 3.414539196794803555e-01
1.355657999999999863e-01 5.639039224741435212e-33 2.849564640943496479e-04 0.000000000000000000e+00 5.103589437940489471e-02 3.379995437129958979e-01
1.387234999999999996e-01 8.992967664908651455e-32 2.486613672373511616e-04 0.000000000000000000e+00 4.454560791329401775e-02 3.343264952515536681e-01
1.419547999999999921e-01 1.198701825656405126e-30 2.478882184651607658e-04 0.000000000000000000e+00 4.420126673814993995e-02 3.307675756506811560e-01
1.452613000000000099e-01 1.370740949622830206e-29 2.568732848456676881e-04 0.000000000000000000e+00 4.583812297007700681e-02 3.316798032997845258e-01
1.486448999999999965e-01 1.420095568890825252e-28 2.492241176732709596e-04 0.000000000000000000e+00 4.360693762988947925e-02 3.518124739947700585e-01
1.521073000000000008e-01 1.291339577212559358e-27 2.524317390162333094e-04 0.000000000000000000e+00 4.375511279264028552e-02 3.783001900632336212e-01
1.556502999999999914e-01 9.170319157433606064e-27 2.577268204208080639e-04 0.000000000000000000e+00 4.389808117172742941e-02 3.632876595728324332e-01
1.592758999999999980e-01 5.356968675479554298e-26 2.632368446022196229e-04 0.000000000000000000e+00 4.403408099246706314e-02 3.252357274271109322e-01
1.629858999999999891e-01 2.941248804740944727e-25 2.690198204565639149e-04 0.000000000000000000e+00 4.417767180269173422e-02 3.076108602157333616e-01
1.667822999999999944e-01 1.500611540790370918e-24 2.751065510924436569e-04 0.000000000000000000e+00 4.438057243390342022e-02 3.016339009933138859e-01
1.706671999999999911e-01 6.943683438329768882e-24 2.823851816011072133e-04 0.000000000000000000e+00 4.466386452415875563e-02 2.965654197962757088e-01
1.746425000000000061e-01 3.031804830745018147e-23 2.927841165669015653e-04 0.000000000000000000e+00 4.500702101976379599e-02 2.914117350206361645e-01
1.787104999999999944e-01 1.265492951894787241e-22 3.040126433625646007e-04 0.000000000000000000e+00 4.545777075488197094e-02 2.860078477155032495e-01
1.828732000000000135e-01 5.049263903104996571e-22 3.220402469458747731e-04 0.000000000000000000e+00 4.581539965448012258e-02 2.803303939353323782e-01
1.871327999999999880e-01 1.927573191893447298e-21 3.439210370387847074e-04 0.000000000000000000e+00 4.617312760682611844e-02 2.744991687303435235e-01
1.914916999999999869e-01 7.055324205197697512e-21 3.730110518278903649e-04 0.000000000000000000e+00 4.650992684390589660e-02 2.686691689881553491e-01
1.959520999999999902e-01 2.483153579844385493e-20 4.146562743853108679e-04 0.000000000000000000e+00 4.672086873218013470e-02 2.627558386317825345e-01
2.005164999999999864e-01 8.451710649621021078e-20 4.580077621833004357e-04 0.000000000000000000e+00 4.694265759935641741e-02 2.567878226358775162e-01
2.051871000000000111e-01 2.808378681916768113e-19 5.032598274256951673e-04 0.000000000000000000e+00 4.704269705041189131e-02 2.510308527212657959e-01
2.099665000000000004e-01 9.214984493252506499e-19 5.493251682909416509e-04 0.000000000000000000e+00 4.715085742300173521e-02 2.456167545210346526e-01
2.148573000000000011e-01 3.021593885013956209e-18 5.914533981712600998e-04 0.000000000000000000e+00 4.724018675103420356e-02 2.406567974004239219e-01
2.198618999999999990e-01 1.000319195827512229e-17 6.287006674916568311e-04 0.000000000000000000e+00 4.733030538471201532e-02 2.364698160562833107e-01
2.249831999999999943e-01 3.357081124647232306e-17 6.291973976066107897e-04 0.000000000000000000e+00 4.741341556769497478e-02 2.332058627316031252e-01
2.302237000000000033e-01 1.137965437231502329e-16 6.206452776647418575e-04 0.000000000000000000e+00 4.746725440057465717e-02 2.307715836873217852e-01
2.355862999999999985e-01 3.861059166572813145e-16 6.007695321584208660e-04 0.000000000000000000e+00 4.743789508125318549e-02 2.289892737079122220e-01
2.410738000000000048e-01 1.296877015740583237e-15 5.966388783177907062e-04 0.000000000000000000e+00 4.733625997083400205e-02 2.276539201033645488e-01
2.466890999999999945e-01 4.269815110279007207e-15 6.459262661759589954e-04 0.000000000000000000e+00 4.714435947971237079e-02 2.265828243910432693e-01
2.524352999999999736e-01 1.368980512769727713e-14 7.428085963998652241e-04 0.000000000000000000e+00 4.689402714044692971e-02 2.257685458278297086e-01
2.583152000000000226e-01 4.270943765730936475e-14 9.073167023120848156e-04 0.000000000000000000e+00 4.659898029900565175e-02 2.258745949214825965e-01
2.643322000000000171e-01 1.342688873327276682e-13 1.272275027968895007e-03 0.000000000000000000e+00 4.629502861911212463e-02 2.353280948258051064e-01
2.704892999999999881e-01 4.504286931345937129e-13 1.751211521812013000e-03 0.000000000000000000e+00 4.599614064352320481e-02 2.703640580879206889e-01
2.767897999999999747e-01 1.390082673599598570e-12 2.295733953763668192e-03 0.000000000000000000e+00 4.576945854058294544e-02 2.950311759246112553e-01
2.832370000000000165e-01 3.419413964055554877e-12 3.011147322618182645e-03 0.000000000000000000e+00 4.559059142174899659e-02 2.645973360194184276e-01
2.898344999999999949e-01 7.745512421508353472e-12 3.901921073711921584e-03 0.000000000000000000e+00 4.547887048418069317e-02 2.249821265415931359e-01
2.965856000000000048e-01 1.887241395961591102e-11 4.889294830091785865e-03 0.000000000000000000e+00 4.551123978416175136e-02 2.115454083325479795e-01
3.034938999999999831e-01 4.642094149091690777e-11 5.563058784692602628e-03 0.000000000000000000e+00 4.568970802269433501e-02 2.061457931664540666e-01
3.105631999999999837e-01 1.113170133342079520e-10 6.530696021390870742e-03 0.000000000000000000e+00 4.607249993864692694e-02 2.007953673161762265e-01
3.177972000000000019e-01 2.599142079224587806e-10 9.100562617726119796e-03 0.000000000000000000e+00 4.667314008820248883e-02 1.950268572494210650e-01
3.251995999999999776e-01 5.920014304584102438e-10 1.023150118780658674e-02 0.000000000000000000e+00 4.751263227974909797e-02 1.890354826655545051e-01
3.327744999999999731e-01 1.126053847380452839e-09 1.086436373666884933e-02 0.000000000000000000e+00 4.866362239534095802e-02 1.827417319967012121e-01
3.405257999999999896e-01 1.590261460086353869e-09 1.156772365043729975e-02 0.000000000000000000e+00 4.998453244328072281e-02 1.760488898543070280e-01
3.484576999999999813e-01 2.099768194942079988e-09 1.275912976769376893e-02 0.000000000000000000e+00 5.169149290779837674e-02 1.693549481292906944e-01
3.565743000000000107e-01 2.663891136080808850e-09 1.310363183657848284e-02 0.000000000000000000e+00 5.083884976683233220e-02 1.626483258822062072e-01
3.648799999999999821e-01 3.337769371951460130e-09 1.620726948076880308e-02 0.000000000000000000e+00 5.541127830116852199e-02 1.560119786230729499e-01
3.733791000000000193e-01 4.226855398570348802e-09 1.713431288503648037e-02 0.000000000000000000e+00 8.625302812536482511e-02 1.494973780538505492e-01
3.820761999999999770e-01 5.500909133862637571e-09 1.473743601435531861e-02 0.000000000000000000e+00 6.815100940334790913e-02 1.431004381589834618e-01
3.909758999999999873e-01 7.436347125829944826e-09 1.740528602059735266e-02 0.000000000000000000e+00 7.287113291996735742e-02 1.368903202175620615e-01
4.000829000000000191e-01 1.049038446356574146e-08 2.922264421320446004e-02 0.000000000000000000e+00 7.732233349317203797e-02 1.309086740460201348e-01
4.094020999999999910e-01 1.543896648357306758e-08 3.520602507483704124e-02 0.000000000000000000e+00 7.973375067814673922e-02 1.252104263453238386e-01
4.189382999999999857e-01 2.360812001239147386e-08 3.567322290489029213e-02 0.000000000000000000e+00 8.096728598063522575e-02 1.198419298756292495e-01
4.286965999999999832e-01 3.724769303022391085e-08 3.921372793110564775e-02 0.000000000000000000e+00 7.871400788511680180e-02 1.148162655341177785e-01
4.386822000000000221e-01 6.013312585208759321e-08 4.639346257973230719e-02 0.000000000000000000e+00 8.131030981216472164e-02 1.101603175953784625e-01
4.489003999999999772e-01 9.916889771152588995e-08 5.379107483708472914e-02 0.000000000000000000e+00 8.245486472829181845e-02 1.066621354143968692e-01
4.593567000000000067e-01 1.771868640141358086e-07 5.886196201077671664e-02 0.000000000000000000e+00 8.256964557875026700e-02 1.115510230546644110e-01
4.700563999999999854e-01 3.676929917519934976e-07 6.120138959794234335e-02 0.000000000000000000e+00 8.204205043738196923e-02 1.362155041800853505e-01
4.810054999999999747e-01 6.817413783060380178e-07 6.494808066966284432e-02 0.000000000000000000e+00 8.633682396390213176e-02 1.504582558858578167e-01
4.922095000000000220e-01 9.316685349347309335e-07 6.462978214155888634e-02 0.000000000000000000e+00 9.650019671040385716e-02 1.247027216270326228e-01
5.036745999999999723e-01 1.159476490408339896e-06 6.295695916599187980e-02 0.000000000000000000e+00 1.101634844989593381e-01 9.619563481427474694e-02
5.154066000000000480e-01 1.666392673744727504e-06 6.118401730573008734e-02 0.000000000000000000e+00 7.740848253367386966e-02 8.778050614454821488e-02
5.274119999999999919e-01 2.488092386449206626e-06 6.907210479053629837e-02 0.000000000000000000e+00 7.836574615453799353e-02 8.530599141462910651e-02
5.396969999999999823e-01 3.645816629494593939e-06 7.291104272957522892e-02 0.000000000000000000e+00 7.593210291446506055e-02 8.334509904271940328e-02
5.522681999999999869e-01 5.233874271527297845e-06 7.525733975590871705e-02 0.000000000000000000e+00 7.609586048033147032e-02 8.157637991334650007e-02
5.651321999999999734e-01 7.381765656763388579e-06 7.807107687421439846e-02 0.000000000000000000e+00 7.562570430757788176e-02 7.999027400675146060e-02
5.782958000000000265e-01 1.026307616045875809e-05 7.868015175101909786e-02 0.000000000000000000e+00 7.584157782741753062e-02 7.857215923242713562e-02
5.917660000000000142e-01 1.411931653558993305e-05 8.022659383870620053e-02 0.000000000000000000e+00 7.637272501178318795e-02 7.730522678747660248e-02
6.055500000000000327e-01 1.946565215447355548e-05 8.734321936449168655e-02 0.000000000000000000e+00 7.632405033333315714e-02 7.684031528345658391e-02
6.196551000000000142e-01 2.940062974838293354e-05 8.682226394823505666e-02 0.000000000000000000e+00 7.584324213789518654e-02 8.401815283546268387e-02
6.340886999999999496e-01 5.369974947443579579e-05 8.487614623647100898e-02 0.000000000000000000e+00 7.514623665584749257e-02 1.111260631423867384e-01
6.488585000000000047e-01 8.646534339447953840e-05 8.963390083150193921e-02 0.000000000000000000e+00 7.439583800908443345e-02 1.291787307549319974e-01
6.639724000000000181e-01 9.812550337352976191e-05 9.297519246149944794e-02 0.000000000000000000e+00 7.351819223253515390e-02 1.052241405319485762e-01
6.794383000000000505e-01 9.974568559846247061e-05 9.390869959932966748e-02 0.000000000000000000e+00 7.257320406691612769e-02 7.617282088747462376e-02
6.952644000000000046e-01 1.255478064064067341e-04 9.658907250348049145e-02 0.000000000000000000e+00 7.159749825345172736e-02 6.766004261656026475e-02
7.114591999999999583e-01 1.736879522375071405e-04 9.469392143425148234e-02 0.000000000000000000e+00 7.048013148617938983e-02 6.543177550967411993e-02
7.280311999999999895e-01 2.437243839433601909e-04 9.752118611786617097e-02 0.000000000000000000e+00 6.937653806789717548e-02 6.360928593188308611e-02
7.449892999999999654e-01 3.448360294845983598e-04 1.063955148284297658e-01 0.000000000000000000e+00 6.831666631672889123e-02 6.188310875333256217e-02
7.623423000000000282e-01 4.912747949847471804e-04 1.054369421893793235e-01 0.000000000000000000e+00 6.722282778671909154e-02 6.030925733389234239e-02
7.800994999999999457e-01 7.030457825798041432e-04 1.014069152055539214e-01 0.000000000000000000e+00 6.623220226623997842e-02 5.892756016153403303e-02
7.982704000000000466e-01 1.006801772695460661e-03 1.006471532807917540e-01 0.000000000000000000e+00 6.527658181427667405e-02 5.774455124951975715e-02
8.168644999999999934e-01 1.435920948692750694e-03 1.078838960938000163e-01 0.000000000000000000e+00 6.437068075132537648e-02 5.675600556464233809e-02
8.358917000000000153e-01 2.028075956404219553e-03 1.096699270140478744e-01 0.000000000000000000e+00 6.356467979932517443e-02 5.595017665219808450e-02
8.553621000000000141e-01 2.818462626148457179e-03 1.073887302210443373e-01 0.000000000000000000e+00 6.285563626707713070e-02 5.531056218867715091e-02
8.752860999999999558e-01 3.827805533903534327e-03 1.164060480833999239e-01 0.000000000000000000e+00 6.220466365425369321e-02 5.483186196235813326e-02
8.956741000000000286e-01 5.043102258281610337e-03 1.178679052134749550e-01 0.000000000000000000e+00 6.160568346110040228e-02 5.450680386276848810e-02
9.165370000000000461e-01 6.468516758464946774e-03 1.214768559909638751e-01 0.000000000000000000e+00 6.099568994328436605e-02 5.431754173573023758e-02
9.378859000000000501e-01 8.219472593771344829e-03 1.164693191273773326e-01 0.000000000000000000e+00 6.040096658625821596e-02 5.426317024113691545e-02
9.597320999999999769e-01 1.037778761977028487e-02 1.185029417359782372e-01 0.000000000000000000e+00 5.991977684281360461e-02 5.433678257147409735e-02
9.820870999999999906e-01 1.301897684422506640e-02 1.215782563945127653e-01 0.000000000000000000e+00 5.956425615739301127e-02 5.452022892011372524e-02
1.004963000000000051e+00 1.622604670169533470e-02 1.272699729110431388e-01 0.000000000000000000e+00 5.827470817075037363e-02 5.479180730622131013e-02
1.028370999999999924e+00 2.009131585963570138e-02 1.275888122681724524e-01 0.000000000000000000e+00 5.663200689244433234e-02 5.513600614915549480e-02
1.052324999999999955e+00 2.472409565474652585e-02 1.256779228619899769e-01 0.000000000000000000e+00 5.462342153522967841e-02 5.555836813494530180e-02
1.076837000000000044e+00 3.024170610699627657e-02 1.231652679749097035e-01 0.000000000000000000e+00 5.196218784283711950e-02 5.605267221625127166e-02
1.101920000000000011e+00 3.676948950659723880e-02 1.205585142208050603e-01 0.000000000000000000e+00 5.022766969470431747e-02 5.660860672863018972e-02
1.127586999999999895e+00 4.445541799778109093e-02 1.189714153064476837e-01 0.000000000000000000e+00 4.858651966636005903e-02 5.723444642548423250e-02
1.153852000000000100e+00 5.348119317209719392e-02 1.190014019766770237e-01 0.000000000000000000e+00 4.700869456506683031e-02 5.795596560536590142e-02
1.180728000000000000e+00 6.406134437524142744e-02 1.168636913224656015e-01 0.000000000000000000e+00 4.535279322944727604e-02 5.880047900914617265e-02
1.208231000000000055e+00 7.642030151407980254e-02 1.159334329229861210e-01 0.000000000000000000e+00 4.383651050397955468e-02 5.977308788701658770e-02
1.236374000000000084e+00 9.080915227719936478e-02 1.157830109015918346e-01 0.000000000000000000e+00 4.266718733059885610e-02 6.087900702929819469e-02
1.265173000000000103e+00 1.075014117400293068e-01 1.142181840510717722e-01 0.000000000000000000e+00 4.120472211377361471e-02 6.211978314670693613e-02
1.294642999999999988e+00 1.267960457597645529e-01 1.131828514216166870e-01 0.000000000000000000e+00 3.958472336057530794e-02 6.349615768655847425e-02
1.324799000000000060e+00 1.490401375684224650e-01 1.113995572343336182e-01 0.000000000000000000e+00 3.864380145284938839e-02 6.501800553578879205e-02
1.355658000000000030e+00 1.746538040004503300e-01 1.094610253498209396e-01 0.000000000000000000e+00 3.774353557358768596e-02 6.670792934100593097e-02
1.387234999999999996e+00 2.040891181930256371e-01 1.073878881880861724e-01 0.000000000000000000e+00 3.705418514741115610e-02 6.857870308894557787e-02
1.419548000000000032e+00 2.378206795401930640e-01 1.040202980567553476e-01 0.000000000000000000e+00 3.614019036623149217e-02 7.063396365796323351e-02
1.452612999999999932e+00 2.763784006215150857e-01 1.054735471885774323e-01 0.000000000000000000e+00 3.548107902768956462e-02 7.288085542401803729e-02
1.486448999999999909e+00 3.203295405035401777e-01 1.060953241367312699e-01 0.000000000000000000e+00 3.493827306198718508e-02 7.532369443811963439e-02
1.521072999999999897e+00 3.702352625983711953e-01 1.108236048411678498e-01 0.000000000000000000e+00 3.479319721465552046e-02 7.795592131479393838e-02
1.556502999999999970e+00 4.267494426467666746e-01 1.112611421822409935e-01 0.000000000000000000e+00 3.404778243738434268e-02 8.078421692987369784e-02
1.592759000000000036e+00 4.905263489915702158e-01 1.084577679037895120e-01 0.000000000000000000e+00 3.226073708261870121e-02 8.380696711152092748e-02
1.629858999999999947e+00 5.621422390296747507e-01 1.103425844022276059e-01 0.000000000000000000e+00 3.198454057310631121e-02 8.700596219108165663e-02
1.667823000000000055e+00 6.420129371647835814e-01 1.106780019418739242e-01 0.000000000000000000e+00 3.091444105237682247e-02 9.034276666748065898e-02
1.706671999999999967e+00 7.305931261598830329e-01 1.088683444254004151e-01 0.000000000000000000e+00 2.992286794994552385e-02 9.379441128619483981e-02
1.746424999999999894e+00 8.283417844267685348e-01 1.028348313470202890e-01 0.000000000000000000e+00 2.839323665106825018e-02 9.734483522949519130e-02
1.787104999999999944e+00 9.355054758780043667e-01 9.556469484745126752e-02 0.000000000000000000e+00 2.726897611961625126e-02 1.009599342949263068e-01
1.828732000000000024e+00 1.051977053558269759e+00 8.920269300946273572e-02 0.000000000000000000e+00 2.584892415707732566e-02 1.045815156277308533e-01
1.871328000000000102e+00 1.177618859217445024e+00 8.390195251256175879e-02 0.000000000000000000e+00 2.444588704896741641e-02 1.081675293609786898e-01
1.914916999999999980e+00 1.312301029604952651e+00 8.014657018066428940e-02 0.000000000000000000e+00 2.337652737958723428e-02 1.116913276116170833e-01
1.959521000000000068e+00 1.455547710365808101e+00 7.551199500649349861e-02 0.000000000000000000e+00 2.213233005817690294e-02 1.151094777978971667e-01
2.005164999999999864e+00 1.607420911828441934e+00 7.195410533286339394e-02 0.000000000000000000e+00 2.126097097978352918e-02 1.184333158910886447e-01
2.051870999999999778e+00 1.768252855927522127e+00 6.966336063590050642e-02 0.000000000000000000e+00 2.030295545952687589e-02 1.216933957555145634e-01
2.099664999999999893e+00 1.938604740712598584e+00 6.769450687080427742e-02 0.000000000000000000e+00 1.933787738673281228e-02 1.249304475059676012e-01
2.148572999999999844e+00 2.118536366315279640e+00 6.566650861688391738e-02 0.000000000000000000e+00 1.848192937467087876e-02 1.281474936478986248e-01
2.198618999999999879e+00 2.307751756988542624e+00 6.296464051984071442e-02 0.000000000000000000e+00 1.755806089244624571e-02 1.313286353271652107e-01
2.249832000000000054e+00 2.505567575875511377e+00 6.016705108669873764e-02 0.000000000000000000e+00 1.673975024753095522e-02 1.344426799279800078e-01
2.302236999999999867e+00 2.710648992725698481e+00 5.248039683269442590e-02 0.000000000000000000e+00 1.500854406238806386e-02 1.374340904165954891e-01
2.355862999999999818e+00 2.923726260258597165e+00 4.544916791861794425e-02 0.000000000000000000e+00 1.325407073118506363e-02 1.403601000360768791e-01
2.410737999999999825e+00 3.144143710656108759e+00 4.119748229647159088e-02 0.000000000000000000e+00 1.226468951904218299e-02 1.432049894477120389e-01
2.466890999999999945e+00 3.369849216802913272e+00 3.610176338188320067e-02 0.000000000000000000e+00 1.165517659837933019e-02 1.458970974604246462e-01
2.524353000000000069e+00 3.599663000194359253e+00 3.163085316153656235e-02 0.000000000000000000e+00 1.136596046747309977e-02 1.484156863306301255e-01
2.583152000000000115e+00 3.832728440280524840e+00 3.164439807157242573e-02 0.000000000000000000e+00 1.094878520387692483e-02 1.507578654957985043e-01
2.643321999999999949e+00 4.068584611627552583e+00 3.107225368018843789e-02 0.000000000000000000e+00 1.059474933768589193e-02 1.529372731376421324e-01
2.704893000000000214e+00 4.306755052812761164e+00 3.035272776182769416e-02 0.000000000000000000e+00 1.031020325101006038e-02 1.549655751238963597e-01
2.767898000000000192e+00 4.548127539115010443e+00 2.931965457540327072e-02 0.000000000000000000e+00 9.950615888902744274e-03 1.569002666490231235e-01
2.832370000000000054e+00 4.793215603628826926e+00 2.822678547353011172e-02 0.000000000000000000e+00 9.584806379177260305e-03 1.587777961796397186e-01
2.898344999999999949e+00 5.042804837971856635e+00 2.697906998540728490e-02 0.000000000000000000e+00 9.185399141982988208e-03 1.606379920499111380e-01
2.965856000000000048e+00 5.299448261243768776e+00 2.570354568063403303e-02 0.000000000000000000e+00 8.774491667843848514e-03 1.625691961435542787e-01
3.034939000000000053e+00 5.563928572700890918e+00 2.459851530145099746e-02 0.000000000000000000e+00 8.331346198233599565e-03 1.645948872062094337e-01
3.105631999999999948e+00 5.834590549411336369e+00 2.372544817917756135e-02 0.000000000000000000e+00 7.904128628810919849e-03 1.666657609240174420e-01
3.177972000000000019e+00 6.109817261019772516e+00 2.279557866218457837e-02 0.000000000000000000e+00 7.515531195590471544e-03 1.687402020174485207e-01
3.251996000000000109e+00 6.389311936332242148e+00 2.186031746713032464e-02 0.000000000000000000e+00 8.461874197522220239e-03 1.708172679283482820e-01
3.327745000000000175e+00 6.668831289305709120e+00 2.082742905053147631e-02 0.000000000000000000e+00 1.016903267585174409e-02 1.727938762354998270e-01
3.405257999999999896e+00 6.944561215069608551e+00 1.972901749588787390e-02 0.000000000000000000e+00 7.916609698447336224e-03 1.745899629562497335e-01
3.484576999999999813e+00 7.212202780806776126e+00 1.862224876045943944e-02 0.000000000000000000e+00 7.067238725899742217e-03 1.761226190491142207e-01
3.565742999999999885e+00 7.469846149677372260e+00 1.749787967087297960e-02 0.000000000000000000e+00 5.874207163073979880e-03 1.773744856547564974e-01
3.648800000000000043e+00 7.716729432053552884e+00 1.639070265007380039e-02 0.000000000000000000e+00 5.425596371586158088e-03 1.783560596962430189e-01
3.733791000000000082e+00 7.952289205438262343e+00 1.525447560795639354e-02 0.000000000000000000e+00 5.112032308423533102e-03 1.790806115962479406e-01
3.820762000000000214e+00 8.177685974887644704e+00 1.425173120353620537e-02 0.000000000000000000e+00 4.880567835260962543e-03 1.795973040683866429e-01
3.909759000000000206e+00 8.395631674422141089e+00 1.322667108332477998e-02 0.000000000000000000e+00 4.644523158644491001e-03 1.799831927987113889e-01
4.000829000000000413e+00 8.609661811791205821e+00 1.221827097270407336e-02 0.000000000000000000e+00 4.405078080251445018e-03 1.803248785804009158e-01
4.094020999999999688e+00 8.825999010658941657e+00 1.133888287157342432e-02 0.000000000000000000e+00 4.208622802762023926e-03 1.807558276090774907e-01
4.189383000000000301e+00 9.051082517151114004e+00 1.053181526696418159e-02 0.000000000000000000e+00 4.032269518471904082e-03 1.814021136612305463e-01
4.286965999999999610e+00 9.289395412810419472e+00 9.517930924183997526e-03 0.000000000000000000e+00 3.760607905371309619e-03 1.823409694338219145e-01
4.386822000000000443e+00 9.543982543695342713e+00 8.243550291991752488e-03 0.000000000000000000e+00 3.328875187054846675e-03 1.836160377102207808e-01
4.489004000000000438e+00 9.816511181061406077e+00 7.441477540607826895e-03 0.000000000000000000e+00 3.100670826854526069e-03 1.852420165792287299e-01
4.593567000000000178e+00 1.010837424761161962e+01 6.931158392443650257e-03 0.000000000000000000e+00 3.016472501260262975e-03 1.872279393465231812e-01
4.700563999999999965e+00 1.041984568526040178e+01 6.556553920608238634e-03 0.000000000000000000e+00 3.007643691287355432e-03 1.895623872878846317e-01
4.810055000000000192e+00 1.074852173452391035e+01 6.177172508509570260e-03 0.000000000000000000e+00 3.020844299939652502e-03 1.921874246115964358e-01
4.922094999999999665e+00 1.108818784653912637e+01 5.782939538010212731e-03 0.000000000000000000e+00 3.028036306360800886e-03 1.949824974268528355e-01
5.036745999999999945e+00 1.143331594469234780e+01 5.428948404856651089e-03 0.000000000000000000e+00 3.050289593281105532e-03 1.978470649030142359e-01
5.154066000000000258e+00 1.178008657604073051e+01 5.088720173208649382e-03 0.000000000000000000e+00 3.100945473977071484e-03 2.007160857157015421e-01
5.274119999999999919e+00 1.212132781122237724e+01 4.778665194042760675e-03 0.000000000000000000e+00 3.185190782233499399e-03 2.034721050315640434e-01
5.396969999999999601e+00 1.245300918945624247e+01 4.484875052338381171e-03 0.000000000000000000e+00 3.284189445581054984e-03 2.060562372987330138e-01
5.522681999999999647e+00 1.277280955971808218e+01 4.206336191487060339e-03 0.000000000000000000e+00 3.399561572335683349e-03 2.084403901397152703e-01
5.651322000000000401e+00 1.307792492982657784e+01 3.937870008636073192e-03 0.000000000000000000e+00 3.521408694141592473e-03 2.105897381165484361e-01
5.782957999999999821e+00 1.336600931996822084e+01 3.688599358289435318e-03 0.000000000000000000e+00 3.650256226755021170e-03 2.124780247367915043e-01
5.917659999999999698e+00 1.363715833697392199e+01 3.440806623593485689e-03 0.000000000000000000e+00 3.787181533493253188e-03 2.141180770770664266e-01
6.055500000000000327e+00 1.389228530684271057e+01 3.213481990481328703e-03 0.000000000000000000e+00 7.078726219306830103e-03 2.155342199269148218e-01
6.196551000000000364e+00 1.413117402680409462e+01 3.006817242164781020e-03 0.000000000000000000e+00 2.156098168595415449e-02 2.167317992200940846e-01
6.340887000000000384e+00 1.435338256894703868e+01 2.811445146281430201e-03 0.000000000000000000e+00 1.087052528378778735e-02 2.177120175174315775e-01
6.488584999999999603e+00 1.455882575327338202e+01 2.630871732112634309e-03 0.000000000000000000e+00 4.442432409845243312e-03 2.184809208803406011e-01
6.639724000000000181e+00 1.474571545034405062e+01 2.462515430608761078e-03 0.000000000000000000e+00 4.600232508266905232e-03 2.190185726599267746e-01
6.794382999999999839e+00 1.491088817899338892e+01 2.303285678526439430e-03 0.000000000000000000e+00 4.770855195033085229e-03 2.192851823033921954e-01
6.952644000000000268e+00 1.505234804114785341e+01 2.154621585298758905e-03 0.000000000000000000e+00 4.957777105178885584e-03 2.192590512991509366e-01
7.114592000000000027e+00 1.517284612694862922e+01 2.014096708879120276e-03 0.000000000000000000e+00 5.377836938592940770e-03 2.189873156608635185e-01
7.280312000000000339e+00 1.527699959282461428e+01 1.881368158316165749e-03 0.000000000000000000e+00 1.071830680711148044e-02 2.185416524162127339e-01
7.449893000000000320e+00 1.536865183657520006e+01 1.755752467427330963e-03 0.000000000000000000e+00 1.564166752955583467e-02 2.179799247843650645e-01
7.623422999999999838e+00 1.545623824120619005e+01 1.639972885140159476e-03 0.000000000000000000e+00 1.987336299345462964e-02 2.174224150997101646e-01
7.800995000000000346e+00 1.555265995204697660e+01 1.531095548972384373e-03 0.000000000000000000e+00 1.834422592167498506e-02 2.170477404618177675e-01
7.982704000000000022e+00 1.566453344323446117e+01 1.429152009595221259e-03 0.000000000000000000e+00 1.610455856110358866e-02 2.169420249383398336e-01
8.168644999999999712e+00 1.579455580327508457e+01 1.334633979933063730e-03 0.000000000000000000e+00 1.174053991002766729e-02 2.171352124403712613e-01
8.358916999999999931e+00 1.594647726721030168e+01 1.246539026432511629e-03 0.000000000000000000e+00 7.005278917275450240e-03 2.176711120058299476e-01
8.553620999999999697e+00 1.612523818555335708e+01 1.165059824084079378e-03 0.000000000000000000e+00 7.115248987922612872e-03 2.186088352279543789e-01
8.752860999999999336e+00 1.633049439910464429e+01 1.089109579632938215e-03 0.000000000000000000e+00 7.320268058335825320e-03 2.199351726539507113e-01
8.956740999999999175e+00 1.655696042302741233e+01 1.018163559004355489e-03 0.000000000000000000e+00 6.968872873200989901e-03 2.215715825217225432e-01
9.165369999999999351e+00 1.679537708695341891e+01 9.521230994557387068e-04 0.000000000000000000e+00 6.716003358297304056e-03 2.233890159425851729e-01
9.378859000000000279e+00 1.703351906257537252e+01 8.905190674035838973e-04 0.000000000000000000e+00 6.646452107032877095e-03 2.252225647663077257e-01
9.597321000000000879e+00 1.725706648281775202e+01 8.326543127223866693e-04 0.000000000000000000e+00 6.692322259327809775e-03 2.268836942038189586e-01
9.820871000000000350e+00 1.745673378390145203e+01 7.728414282524780987e-04 0.000000000000000000e+00 6.721913678395266545e-03 2.282538069700788819e-01
1.004963000000000051e+01 1.762954581589194802e+01 7.117231377074935634e-04 0.000000000000000000e+00 6.573925227753825776e-03 2.292986796979081809e-01
1.028370999999999924e+01 1.776971955856520680e+01 6.640635981960715632e-04 0.000000000000000000e+00 6.558297045914747957e-03 2.299481399765332945e-01
1.052325000000000088e+01 1.787523227698715189e+01 6.186666044262346779e-04 0.000000000000000000e+00 6.577035780909434512e-03 2.301814843643627539e-01
1.076837000000000089e+01 1.794450278790858277e+01 5.763713869226808539e-04 0.000000000000000000e+00 6.596859532628156046e-03 2.299836842957800609e-01
1.101919999999999966e+01 1.797777287579236472e+01 5.369670735662608954e-04 0.000000000000000000e+00 8.918580663145395104e-03 2.293628679945154958e-01
1.127586999999999939e+01 1.797188151035478754e+01 5.002564928703404903e-04 0.000000000000000000e+00 2.185140298941005282e-02 2.282834302652017311e-01
1.153852000000000011e+01 1.793325138190335366e+01 4.660555038910887894e-04 0.000000000000000000e+00 1.298176422881308113e-02 2.268312469446688850e-01
1.180728000000000044e+01 1.790427209533270769e+01 4.341897155758484938e-04 0.000000000000000000e+00 6.649475850889348741e-03 2.255435270324179786e-01
1.208230999999999966e+01 1.790970824206826251e+01 4.045017082304543533e-04 0.000000000000000000e+00 6.686076289048781436e-03 2.247276365976525192e-01
1.236373999999999995e+01 1.797795910233073613e+01 3.768426366558966841e-04 0.000000000000000000e+00 6.727823529465324845e-03 2.247318944815957786e-01
1.265173000000000059e+01 1.812176088326896917e+01 3.510698082127733681e-04 0.000000000000000000e+00 6.803939357736516792e-03 2.257048486563830725e-01
1.294642999999999944e+01 1.832882633619972523e+01 3.270575264064096285e-04 0.000000000000000000e+00 6.873330344407692014e-03 2.274830058752397299e-01
1.324798999999999971e+01 1.860219895905919785e+01 3.046836294551363259e-04 0.000000000000000000e+00 6.936493157447426797e-03 2.300954008536373330e-01
1.355658000000000030e+01 1.899704462603881794e+01 2.838367384948173116e-04 0.000000000000000000e+00 6.994106708980540009e-03 2.342138474143811988e-01
1.387235000000000085e+01 1.957744907210133789e+01 2.644119004795264885e-04 0.000000000000000000e+00 7.047127928318565500e-03 2.406118841248429119e-01
1.419547999999999988e+01 2.043126597848884174e+01 2.463128860526794654e-04 0.000000000000000000e+00 7.096711653721011689e-03 2.503458466690633433e-01
1.452613000000000021e+01 2.153578945224931473e+01 2.294493674582660499e-04 0.000000000000000000e+00 7.144248975351055742e-03 2.631103544877242961e-01
1.486448999999999998e+01 2.274126267021034664e+01 2.137376762024302893e-04 0.000000000000000000e+00 7.191543504160649754e-03 2.770574882323612043e-01
1.521072999999999986e+01 2.385899492108717723e+01 1.991001243013339975e-04 0.000000000000000000e+00 7.241187623323551252e-03 2.898879103493984255e-01
1.556503000000000014e+01 2.474770891915668258e+01 1.854629870968106556e-04 0.000000000000000000e+00 7.307163986758969006e-03 2.999013677693053714e-01
1.592759000000000036e+01 2.538358263460313680e+01 1.727597076462678407e-04 0.000000000000000000e+00 7.477980871728918608e-03 3.068337599776578828e-01
1.629859000000000080e+01 2.578202681774947180e+01 1.609269063946505620e-04 0.000000000000000000e+00 7.684787265860473608e-03 3.108950744087038975e-01
1.667822999999999922e+01 2.592532368152485489e+01 1.499065857822780149e-04 0.000000000000000000e+00 7.911788315731940052e-03 3.118931758557969003e-01
1.706672000000000011e+01 2.575977111209948944e+01 1.396443033649725129e-04 0.000000000000000000e+00 8.165587757361019577e-03 3.092043016056627569e-01
1.746424999999999983e+01 2.523968666351425227e+01 1.300901295069578070e-04 0.000000000000000000e+00 8.450517527963410241e-03 3.023047189080076969e-01
1.787105000000000032e+01 2.437149484764352181e+01 1.211976859498511180e-04 0.000000000000000000e+00 8.764251001717028242e-03 2.912962392483836038e-01
1.828732000000000113e+01 2.315889579013056121e+01 1.129240948923390951e-04 0.000000000000000000e+00 9.095776627835760672e-03 2.762455908801032534e-01
1.871328000000000102e+01 2.175235657230512132e+01 1.052281165811468116e-04 0.000000000000000000e+00 9.431178024805385307e-03 2.589646400771421497e-01
1.914917000000000158e+01 2.037274127968736792e+01 9.807094144007142290e-05 0.000000000000000000e+00 9.792984343564703834e-03 2.420867187892507266e-01
1.959521000000000157e+01 1.927605874016636278e+01 9.141501936876347454e-05 0.000000000000000000e+00 1.019855299308457773e-02 2.286423367736592493e-01
2.005164999999999864e+01 1.866041213007762423e+01 8.522479710318939857e-05 0.000000000000000000e+00 1.057592737668740235e-02 2.209556207741671940e-01
2.051870999999999867e+01 1.871432195342698535e+01 7.946659133915484944e-05 0.000000000000000000e+00 1.092101282711787497e-02 2.212232632847147829e-01
2.099664999999999893e+01 1.943624626589681981e+01 7.410942773712870743e-05 0.000000000000000000e+00 1.121847768484413727e-02 2.293868027747411054e-01
2.148573000000000022e+01 2.078079658368727323e+01 6.912325639090923120e-05 0.000000000000000000e+00 1.145376753594897108e-02 2.448742183526267380e-01
2.198619000000000057e+01 2.272513300658506807e+01 6.448104084512850298e-05 0.000000000000000000e+00 1.162667400330834842e-02 2.673847984866013494e-01
2.249831999999999965e+01 2.518117080498369020e+01 6.015718671991857969e-05 0.000000000000000000e+00 1.178886792104306622e-02 2.958552515075443257e-01
2.302236999999999867e+01 2.796549221484850278e+01 5.612857062862289416e-05 0.000000000000000000e+00 1.184274784814701685e-02 3.281117106605831446e-01
2.355863000000000085e+01 3.086741713986248570e+01 5.237353215801673065e-05 0.000000000000000000e+00 1.174847655050759859e-02 3.616741247849702967e-01
2.410737999999999914e+01 3.373033398354417756e+01 4.887245186485984934e-05 0.000000000000000000e+00 1.153867458635397282e-02 3.947088455563234621e-01
2.466891000000000034e+01 3.645362005639674408e+01 4.560729501822683362e-05 0.000000000000000000e+00 1.127104823606335515e-02 4.260458742218192763e-01
2.524352999999999980e+01 3.895230558328612602e+01 4.256142848086969660e-05 0.000000000000000000e+00 1.100490736886464149e-02 4.547032143379799440e-01
2.583152000000000115e+01 4.119217382249146198e+01 3.971967543407178163e-05 0.000000000000000000e+00 1.080048628605415929e-02 4.802945698767475680e-01
2.643321999999999861e+01 4.315703448817885146e+01 3.706806696429870116e-05 0.000000000000000000e+00 1.077177725260636786e-02 5.026444997776028378e-01
2.704892999999999859e+01 4.483945309152996117e+01 3.459370955667510645e-05 0.000000000000000000e+00 1.085222692757088596e-02 5.216793210619026233e-01
2.767897999999999925e+01 4.623686783125211264e+01 3.228464063938841941e-05 0.000000000000000000e+00 1.100707579320399712e-02 5.373814327394934587e-01
2.832369999999999877e+01 4.733711070725232872e+01 3.012972808460740091e-05 0.000000000000000000e+00 1.123324460451556941e-02 5.496209455639903263e-01
2.898345000000000127e+01 4.813044728493321145e+01 2.811869810063622859e-05 0.000000000000000000e+00 1.151920211060705745e-02 5.582959173969358480e-01
2.965856000000000137e+01 4.858126857555756573e+01 2.618359573817926003e-05 0.000000000000000000e+00 1.181457020113649975e-02 5.630041632551171515e-01
