3.034939000000000039e-02 0.000000000000000000e+00 1.847036659964723638e-05 0.000000000000000000e+00 0.000000000000000000e+00 1.107892080018019337e-01
3.105631999999999837e-02 0.000000000000000000e+00 1.915275169737105490e-05 0.000000000000000000e+00 0.000000000000000000e+00 1.102332875994059269e-01
3.177971999999999742e-02 0.000000000000000000e+00 1.977241450126407838e-05 0.000000000000000000e+00 0.000000000000000000e+00 1.095733335593658819e-01
3.251996000000000053e-02 0.000000000000000000e+00 2.045563737662890960e-05 0.000000000000000000e+00 0.000000000000000000e+00 1.086171529843922706e-01
3.327745000000000009e-02 0.000000000000000000e+00 2.104946308884170908e-05 0.000000000000000000e+00 0.000000000000000000e+00 1.076635278306571353e-01
3.405257999999999896e-02 0.000000000000000000e+00 2.157654555985748766e-05 0.000000000000000000e+00 0.000000000000000000e+00 1.067312456722953051e-01
3.484576999999999813e-02 0.000000000000000000e+00 2.217150708562319136e-05 0.000000000000000000e+00 0.000000000000000000e+00 1.058203063433475893e-01
3.565742999999999691e-02 0.000000000000000000e+00 2.317332676925468727e-05 0.000000000000000000e+00 0.000000000000000000e+00 1.048313789156266607e-01
3.648799999999999960e-02 0.000000000000000000e+00 2.453044167015086205e-05 0.000000000000000000e+00 0.000000000000000000e+00 1.035986748786286438e-01
3.733791000000000193e-02 0.000000000000000000e+00 2.517804196159430650e-05 0.000000000000000000e+00 0.000000000000000000e+00 1.023777942408824193e-01
3.820761999999999770e-02 0.000000000000000000e+00 2.520168259210800094e-05 0.000000000000000000e+00 0.000000000000000000e+00 1.011840994706445923e-01
3.909759000000000151e-02 0.000000000000000000e+00 2.613703762197901233e-05 0.000000000000000000e+00 0.000000000000000000e+00 1.000165987437863641e-01
4.000829000000000191e-02 0.000000000000000000e+00 2.749103144558530349e-05 0.000000000000000000e+00 0.000000000000000000e+00 9.879212068880585673e-02
4.094020999999999771e-02 0.000000000000000000e+00 2.828183014098335831e-05 0.000000000000000000e+00 0.000000000000000000e+00 9.737327926241995391e-02
4.189382999999999996e-02 0.000000000000000000e+00 2.830243703102448225e-05 0.000000000000000000e+00 0.000000000000000000e+00 9.597175103976494925e-02
4.286965999999999694e-02 0.000000000000000000e+00 2.831478826757946227e-05 0.000000000000000000e+00 0.000000000000000000e+00 9.459960124100447176e-02
4.386821999999999944e-02 0.000000000000000000e+00 2.903284767446464079e-05 0.000000000000000000e+00 0.000000000000000000e+00 9.325588087617375788e-02
4.489003999999999911e-02 0.000000000000000000e+00 2.940528123201626221e-05 0.000000000000000000e+00 0.000000000000000000e+00 9.187381087097654109e-02
4.593566999999999789e-02 0.000000000000000000e+00 2.908135687574217227e-05 0.000000000000000000e+00 0.000000000000000000e+00 9.034372367983842245e-02
4.700564000000000131e-02 0.000000000000000000e+00 2.920503808671298172e-05 0.000000000000000000e+00 0.000000000000000000e+00 8.883576749116726956e-02
4.810054999999999886e-02 0.000000000000000000e+00 2.955837215658683204e-05 0.000000000000000000e+00 0.000000000000000000e+00 8.736061054429607176e-02
4.922094999999999942e-02 0.000000000000000000e+00 2.939470812465823545e-05 0.000000000000000000e+00 0.000000000000000000e+00 8.591571012440525623e-02
5.036746000000000278e-02 0.000000000000000000e+00 2.979279995047972351e-05 0.000000000000000000e+00 0.000000000000000000e+00 8.444587714627004027e-02
5.154066000000000203e-02 0.000000000000000000e+00 3.118984021008311755e-05 0.000000000000000000e+00 0.000000000000000000e+00 8.285806435152545668e-02
5.274120000000000197e-02 3.571669133839748111e-304 3.056345749076185220e-05 0.000000000000000000e+00 0.000000000000000000e+00 8.127457476529026392e-02
5.396970000000000239e-02 1.406705122717655958e-283 2.919202821096043778e-05 0.000000000000000000e+00 0.000000000000000000e+00 7.969450255193612220e-02
5.522682000000000285e-02 1.879693609560975003e-264 2.902051148674718954e-05 0.000000000000000000e+00 0.000000000000000000e+00 7.810571126490617466e-02
5.651322000000000290e-02 1.081882841391463065e-246 3.026353876027607854e-05 0.000000000000000000e+00 0.000000000000000000e+00 7.646096391562204331e-02
5.782957999999999849e-02 3.347734956435072320e-230 3.034578774385408975e-05 0.000000000000000000e+00 0.000000000000000000e+00 7.469156885665893808e-02
5.917660000000000281e-02 6.859291268237361724e-215 2.973700636137395885e-05 0.000000000000000000e+00 0.000000000000000000e+00 7.289590714706729868e-02
6.055499999999999772e-02 1.128339214594689711e-200 2.835177027130106475e-05 0.000000000000000000e+00 0.000000000000000000e+00 7.107753322854437616e-02
6.196551000000000142e-02 1.782518070576596665e-187 2.890676185010460628e-05 0.000000000000000000e+00 0.000000000000000000e+00 6.923558089004368254e-02
6.340887000000000606e-02 3.193454583828676867e-175 2.871657634388426333e-05 0.000000000000000000e+00 0.000000000000000000e+00 6.734484942022617160e-02
6.488584999999999492e-02 7.569985545666357755e-164 2.838832180248306104e-05 0.000000000000000000e+00 0.000000000000000000e+00 6.535995257309971940e-02
6.639723999999999626e-02 2.745196661536687686e-153 2.795423418332625165e-05 0.000000000000000000e+00 0.000000000000000000e+00 6.335565585280586443e-02
6.794382999999999673e-02 1.741517323384057458e-143 2.749508038720362130e-05 0.000000000000000000e+00 0.000000000000000000e+00 6.134045778786183928e-02
6.952643999999999491e-02 2.189137311520932093e-134 2.688085771184959693e-05 0.000000000000000000e+00 0.000000000000000000e+00 5.931851402860652961e-02
7.114592000000000138e-02 6.119847266665513420e-126 2.630290004856020424e-05 0.000000000000000000e+00 0.000000000000000000e+00 5.727057413049729817e-02
7.280311999999999895e-02 4.234627961166958512e-118 2.650941121653318253e-05 0.000000000000000000e+00 0.000000000000000000e+00 5.516748530391457628e-02
7.449893000000000487e-02 8.022934488498063779e-111 2.568362351214341347e-05 0.000000000000000000e+00 0.000000000000000000e+00 5.306478636553507711e-02
7.623423000000000005e-02 4.567885416728934674e-104 2.446868212034107007e-05 0.000000000000000000e+00 0.000000000000000000e+00 5.097012074675100896e-02
7.800994999999999457e-02 8.520902649966941765e-98 2.389504099439653442e-05 0.000000000000000000e+00 0.000000000000000000e+00 4.888605699557625750e-02
7.982704000000000188e-02 5.641674496342150638e-92 2.354349741942865292e-05 0.000000000000000000e+00 0.000000000000000000e+00 4.680423820455541922e-02
8.168644999999999379e-02 1.427924762163054456e-86 2.313865201792663368e-05 0.000000000000000000e+00 0.000000000000000000e+00 4.471147468947279241e-02
8.358917000000000430e-02 1.481837981531716068e-81 2.175590698192546413e-05 0.000000000000000000e+00 0.000000000000000000e+00 4.264718923314887028e-02
8.553621000000000141e-02 6.725255008734179395e-77 2.167934225565393630e-05 0.000000000000000000e+00 0.000000000000000000e+00 4.061956800053980604e-02
8.752861000000000669e-02 1.417262914933253217e-72 2.116823188409930199e-05 0.000000000000000000e+00 0.000000000000000000e+00 3.863557386086165224e-02
8.956741000000000008e-02 1.465906628666209094e-68 2.043105510808022009e-05 0.000000000000000000e+00 0.000000000000000000e+00 3.669377567439555121e-02
9.165370000000000461e-02 1.701122926565421314e-63 4.885759783436091326e-04 0.000000000000000000e+00 0.000000000000000000e+00 7.554366278719895078e-01
9.378859000000000501e-02 4.929147046306657101e-60 7.753345232411937814e-04 0.000000000000000000e+00 0.000000000000000000e+00 7.152017243981609873e-01
9.597321000000000324e-02 8.129505440943653942e-57 9.322554803613179947e-04 0.000000000000000000e+00 0.000000000000000000e+00 6.789148124913315652e-01
9.820871000000000461e-02 7.948769153153946836e-54 7.290743108318779430e-04 0.000000000000000000e+00 0.000000000000000000e+00 6.458229083138782300e-01
1.004962999999999967e-01 4.784084281915510309e-51 8.832727503845970657e-04 0.000000000000000000e+00 0.000000000000000000e+00 6.151770678656922620e-01
1.028371000000000007e-01 1.985933264336389338e-48 8.892967769751260881e-04 0.000000000000000000e+00 0.000000000000000000e+00 6.345053677274470338e-01
1.052325000000000066e-01 5.059597835020449527e-46 1.061313396096702673e-03 0.000000000000000000e+00 0.000000000000000000e+00 6.101107135280087190e-01
1.076836999999999933e-01 8.755972485870920032e-44 9.594711881604385539e-04 0.000000000000000000e+00 0.000000000000000000e+00 5.870559459757341836e-01
1.101919999999999983e-01 1.058259029989769568e-41 9.799019313174912611e-04 0.000000000000000000e+00 0.000000000000000000e+00 5.649132593940262570e-01
1.127587000000000034e-01 9.069573197695740190e-40 9.164284660694833017e-04 0.000000000000000000e+00 0.000000000000000000e+00 5.376402688189458878e-01
1.153851999999999933e-01 5.927668334523548978e-38 9.192075083862778556e-04 0.000000000000000000e+00 0.000000000000000000e+00 5.311367975209766445e-01
1.180728000000000055e-01 3.054639817726365418e-36 7.850628633192380376e-04 0.000000000000000000e+00 0.000000000000000000e+00 5.505285045969920965e-01
1.208231000000000027e-01 1.144328636145254239e-34 6.664994950203170310e-04 0.000000000000000000e+00 0.000000000000000000e+00 5.405630236844974901e-01
1.236373999999999945e-01 3.669034190606759395e-33 9.921081185671240098e-04 0.000000000000000000e+00 0.000000000000000000e+00 5.805926300507523452e-01
1.265172999999999992e-01 7.983568940396728232e-32 1.025309623125601755e-03 0.000000000000000000e+00 0.000000000000000000e+00 5.312320806865373779e-01
1.294643000000000044e-01 1.477086944741457936e-30 9.948799729202313039e-04 0.000000000000000000e+00 0.000000000000000000e+00 5.102474660637121850e-01
1.324799000000000115e-01 2.271758209075177292e-29 1.010844867598035841e-03 0.000000000000000000e+00 0.000000000000000000e+00 4.952950630353223360e-01
1.355657999999999863e-01 2.917114270041289033e-28 9.959236578404692848e-04 0.000000000000000000e+00 0.000000000000000000e+00 4.811134843491016166e-01
1.387234999999999996e-01 3.168002219587612218e-27 8.690721904123511728e-04 0.000000000000000000e+00 0.000000000000000000e+00 4.675578827324273767e-01
1.419547999999999921e-01 2.947850046921576712e-26 8.663700332400197735e-04 0.000000000000000000e+00 0.000000000000000000e+00 4.550046981725228146e-01
1.452613000000000099e-01 2.408063783403982747e-25 8.977728659641482853e-04 0.000000000000000000e+00 0.000000000000000000e+00 4.492624333752250343e-01
1.486448999999999965e-01 1.820732876621543951e-24 8.710390047970462167e-04 0.000000000000000000e+00 0.000000000000000000e+00 4.696860166196940023e-01
1.521073000000000008e-01 1.232629480596379773e-23 8.822496505741237501e-04 0.000000000000000000e+00 0.000000000000000000e+00 4.982480266393718438e-01
1.556502999999999914e-01 6.638843385628698060e-23 9.007559752429369080e-04 0.000000000000000000e+00 0.000000000000000000e+00 4.724352377856130270e-01
1.592758999999999980e-01 2.992629964682102741e-22 9.200135255321768195e-04 0.000000000000000000e+00 0.000000000000000000e+00 4.179434772077639249e-01
1.629858999999999891e-01 1.288572904253108342e-21 9.402250426997772444e-04 0.000000000000000000e+00 0.000000000000000000e+00 3.909048478685759886e-01
1.667822999999999944e-01 5.234320352808539720e-21 9.614981836984944335e-04 0.000000000000000000e+00 0.000000000000000000e+00 3.793163508114506532e-01
1.706671999999999911e-01 1.955324868008338385e-20 9.869370181650018517e-04 0.000000000000000000e+00 0.000000000000000000e+00 3.692926298391339124e-01
1.746425000000000061e-01 6.947301899436720534e-20 1.023281325642617055e-03 0.000000000000000000e+00 0.000000000000000000e+00 3.594548509887754983e-01
1.787104999999999944e-01 2.374058865571845975e-19 1.062525058940745875e-03 0.000000000000000000e+00 0.000000000000000000e+00 3.495612821228608058e-01
1.828732000000000135e-01 7.801964788901683339e-19 1.125531585077466654e-03 0.000000000000000000e+00 0.000000000000000000e+00 3.395817471954311051e-01
1.871327999999999880e-01 2.467880453281550288e-18 1.202005009096916493e-03 0.000000000000000000e+00 0.000000000000000000e+00 3.296576115368026749e-01
1.914916999999999869e-01 7.527773142433746985e-18 1.303674694069589888e-03 0.000000000000000000e+00 0.000000000000000000e+00 3.199651271960835541e-01
1.959520999999999902e-01 2.219699535464698071e-17 1.449224866138099652e-03 0.000000000000000000e+00 0.000000000000000000e+00 3.103886458798595371e-01
2.005164999999999864e-01 6.358333029640057576e-17 1.600738440107437460e-03 0.000000000000000000e+00 0.000000000000000000e+00 3.009448297085600688e-01
2.051871000000000111e-01 1.784110760353714112e-16 1.758894537686327315e-03 0.000000000000000000e+00 0.000000000000000000e+00 2.919211959837406112e-01
2.099665000000000004e-01 4.952639851662252770e-16 1.919893035895492732e-03 0.000000000000000000e+00 0.000000000000000000e+00 2.834390807627848452e-01
2.148573000000000011e-01 1.374293625924822493e-15 2.067131319940381743e-03 0.000000000000000000e+00 0.000000000000000000e+00 2.755934215239183027e-01
2.198618999999999990e-01 3.846620209012007072e-15 2.197310632854147620e-03 0.000000000000000000e+00 0.000000000000000000e+00 2.687180472744307713e-01
2.249831999999999943e-01 1.089935463911115319e-14 2.199046706028049900e-03 0.000000000000000000e+00 0.000000000000000000e+00 2.629562334949984703e-01
2.302237000000000033e-01 3.116523025569786040e-14 2.169157022346488058e-03 0.000000000000000000e+00 0.000000000000000000e+00 2.581850138582053034e-01
2.355862999999999985e-01 8.921909453101190774e-14 2.099691234897611228e-03 0.000000000000000000e+00 0.000000000000000000e+00 2.541987934063348886e-01
2.410738000000000048e-01 2.532681353431641913e-13 2.085254587898541841e-03 0.000000000000000000e+00 0.000000000000000000e+00 2.507703691165005244e-01
2.466890999999999945e-01 7.067878072178823043e-13 2.257514149572694036e-03 0.000000000000000000e+00 0.000000000000000000e+00 2.477017439357067918e-01
2.524352999999999736e-01 1.928123109471667793e-12 2.596118171079481000e-03 0.000000000000000000e+00 0.000000000000000000e+00 2.449868332797215664e-01
2.583152000000000226e-01 5.140464609794747738e-12 3.171074472229602932e-03 0.000000000000000000e+00 0.000000000000000000e+00 2.433382974049749237e-01
2.643322000000000171e-01 1.387292547626397656e-11 4.446604865276301832e-03 0.000000000000000000e+00 0.000000000000000000e+00 2.517510462537469462e-01
2.704892999999999881e-01 4.013330163580596115e-11 6.120489282453788447e-03 0.000000000000000000e+00 0.000000000000000000e+00 2.872708079567884987e-01
2.767897999999999747e-01 1.072812469595797994e-10 8.023596741093236284e-03 0.000000000000000000e+00 0.000000000000000000e+00 3.114179316011280729e-01
2.832370000000000165e-01 2.295501228115885723e-10 1.052396851346914207e-02 0.000000000000000000e+00 0.000000000000000000e+00 2.775101057108739777e-01
2.898344999999999949e-01 4.541171632905701720e-10 1.363722532382813553e-02 0.000000000000000000e+00 0.000000000000000000e+00 2.344981138182882230e-01
2.965856000000000048e-01 9.700574712487467579e-10 1.708809942922807218e-02 0.000000000000000000e+00 0.000000000000000000e+00 2.191640041469231914e-01
3.034938999999999831e-01 2.099483669061986991e-09 1.944290637954498510e-02 0.000000000000000000e+00 0.000000000000000000e+00 2.123179983092783607e-01
3.105631999999999837e-01 4.445163192384245055e-09 2.282480129215206516e-02 0.000000000000000000e+00 0.000000000000000000e+00 2.056276965641047894e-01
3.177972000000000019e-01 9.194176693069926706e-09 3.180649240387507098e-02 0.000000000000000000e+00 0.000000000000000000e+00 1.986111339682423982e-01
3.251995999999999776e-01 1.860922029094338855e-08 3.575912594418487189e-02 0.000000000000000000e+00 0.000000000000000000e+00 1.914681341513320145e-01
3.327744999999999731e-01 3.223609827333279704e-08 3.797098236434474916e-02 0.000000000000000000e+00 0.000000000000000000e+00 1.842996396567710415e-01
3.405257999999999896e-01 4.318125872966209731e-08 4.042922727668581823e-02 0.000000000000000000e+00 0.000000000000000000e+00 1.771190513570516656e-01
3.484576999999999813e-01 5.457461128525547332e-08 4.459319506749438028e-02 0.000000000000000000e+00 0.000000000000000000e+00 1.700421388068651674e-01
3.565743000000000107e-01 6.662367405979402463e-08 4.579723078455632396e-02 0.000000000000000000e+00 0.000000000000000000e+00 1.630199054271383174e-01
3.648799999999999821e-01 8.045131437836759034e-08 5.664445323671999516e-02 0.000000000000000000e+00 0.000000000000000000e+00 1.561033510548124337e-01
3.733791000000000193e-01 9.803033360362109113e-08 5.988447258876195695e-02 0.000000000000000000e+00 0.000000000000000000e+00 1.493203531891480196e-01
3.820761999999999770e-01 1.222758380107589567e-07 5.150738106346978984e-02 0.000000000000000000e+00 0.000000000000000000e+00 1.426524690426652364e-01
3.909758999999999873e-01 1.575830301441902253e-07 6.083152447334362611e-02 0.000000000000000000e+00 0.000000000000000000e+00 1.361624618542225107e-01
4.000829000000000191e-01 2.106727874430062168e-07 1.021332251896169274e-01 0.000000000000000000e+00 0.000000000000000000e+00 1.298915895851600888e-01
4.094020999999999910e-01 2.921264658119326935e-07 1.230451584314497804e-01 0.000000000000000000e+00 0.000000000000000000e+00 1.238981258555779397e-01
4.189382999999999857e-01 4.186916728190970886e-07 1.246780161850738616e-01 0.000000000000000000e+00 0.000000000000000000e+00 1.182336358544085197e-01
4.286965999999999832e-01 6.165846166562191306e-07 1.370520913881669023e-01 0.000000000000000000e+00 0.000000000000000000e+00 1.129171897718201506e-01
4.386822000000000221e-01 9.263506750397985247e-07 1.621452845407064802e-01 0.000000000000000000e+00 0.000000000000000000e+00 1.079808773703241215e-01
4.489003999999999772e-01 1.419303363522095790e-06 1.879999605595264744e-01 0.000000000000000000e+00 0.000000000000000000e+00 1.041989695063732513e-01
4.593567000000000067e-01 2.354981413107332758e-06 2.057227257495363171e-01 0.000000000000000000e+00 0.000000000000000000e+00 1.086050019238547493e-01
4.700563999999999854e-01 4.541656316642002272e-06 2.138990318644643507e-01 0.000000000000000000e+00 0.000000000000000000e+00 1.321723114839920832e-01
4.810054999999999747e-01 7.839018891925068246e-06 2.269937278869087471e-01 0.000000000000000000e+00 0.000000000000000000e+00 1.455129508856294607e-01
4.922095000000000220e-01 9.997454824834637487e-06 2.258812736198963500e-01 0.000000000000000000e+00 0.000000000000000000e+00 1.202216074681068531e-01
5.036745999999999723e-01 1.164617716520827825e-05 2.200347525309953589e-01 0.000000000000000000e+00 0.000000000000000000e+00 9.245768386004446504e-02
5.154066000000000480e-01 1.571940708321129679e-05 2.138383156534456042e-01 0.000000000000000000e+00 0.000000000000000000e+00 8.412655703839254373e-02
5.274119999999999919e-01 2.211823051472624498e-05 2.414072039964477723e-01 0.000000000000000000e+00 0.000000000000000000e+00 8.153241623301474283e-02
5.396969999999999823e-01 3.064446639280550663e-05 2.548243030842730072e-01 0.000000000000000000e+00 0.000000000000000000e+00 7.945351820926759012e-02
5.522681999999999869e-01 4.172459740552463534e-05 2.630246179087599723e-01 0.000000000000000000e+00 0.000000000000000000e+00 7.757848060642552612e-02
5.651321999999999734e-01 5.596450303079379213e-05 2.728586371929711540e-01 0.000000000000000000e+00 0.000000000000000000e+00 7.589473424428165582e-02
5.782958000000000265e-01 7.416139310158098726e-05 2.749873556311857592e-01 0.000000000000000000e+00 0.000000000000000000e+00 7.438495044497760167e-02
5.917660000000000142e-01 9.740762984673226235e-05 2.803921751551178287e-01 0.000000000000000000e+00 0.000000000000000000e+00 7.302991024614949311e-02
6.055500000000000327e-01 1.283553043119395527e-04 3.052648017426459748e-01 0.000000000000000000e+00 0.000000000000000000e+00 7.244008005794165539e-02
6.196551000000000142e-01 1.854009044727656253e-04 3.034440610713329822e-01 0.000000000000000000e+00 0.000000000000000000e+00 7.904456887388137953e-02
6.340886999999999496e-01 3.238589567497997756e-04 2.966423740969801881e-01 0.000000000000000000e+00 0.000000000000000000e+00 1.043337429849506698e-01
6.488585000000000047e-01 4.985072483684806514e-04 3.132707400280707599e-01 0.000000000000000000e+00 0.000000000000000000e+00 1.210323405639060212e-01
6.639724000000000181e-01 5.403917370088103011e-04 3.249485638410342103e-01 0.000000000000000000e+00 0.000000000000000000e+00 9.838102883709039237e-02
6.794383000000000505e-01 5.241393555271197519e-04 3.282111739603829070e-01 0.000000000000000000e+00 0.000000000000000000e+00 7.106567740337949024e-02
6.952644000000000046e-01 6.286964774877570016e-04 3.375790849343009992e-01 0.000000000000000000e+00 0.000000000000000000e+00 6.298409627028214719e-02
7.114591999999999583e-01 8.277730440508922378e-04 3.309555265215258779e-01 0.000000000000000000e+00 0.000000000000000000e+00 6.077149852741412644e-02
7.280311999999999895e-01 1.104109640260030143e-03 3.408368246852215289e-01 0.000000000000000000e+00 0.000000000000000000e+00 5.894129104283798298e-02
7.449892999999999654e-01 1.483359217148075846e-03 3.718526289358555226e-01 0.000000000000000000e+00 0.000000000000000000e+00 5.720558111232532800e-02
7.623423000000000282e-01 2.005253957127231014e-03 3.685024148179795733e-01 0.000000000000000000e+00 0.000000000000000000e+00 5.561644228512693106e-02
7.800994999999999457e-01 2.722235800433024482e-03 3.544174589715375356e-01 0.000000000000000000e+00 0.000000000000000000e+00 5.421074704630451935e-02
7.982704000000000466e-01 3.699266095372838199e-03 3.517620888692943315e-01 0.000000000000000000e+00 0.000000000000000000e+00 5.299461322243500389e-02
8.168644999999999934e-01 5.011382281341310481e-03 3.770545257195621058e-01 0.000000000000000000e+00 0.000000000000000000e+00 5.196439709014361030e-02
8.358917000000000153e-01 6.734877576220337295e-03 3.832967088992370597e-01 0.000000000000000000e+00 0.000000000000000000e+00 5.110977241411598926e-02
8.553621000000000141e-01 8.929257858134300938e-03 3.753239195766203684e-01 0.000000000000000000e+00 0.000000000000000000e+00 5.041633947044970449e-02
8.752860999999999558e-01 1.161073128946428328e-02 4.068394713221457071e-01 0.000000000000000000e+00 0.000000000000000000e+00 4.988019643967735173e-02
8.956741000000000286e-01 1.471301683937585765e-02 4.119486661770567215e-01 0.000000000000000000e+00 0.000000000000000000e+00 4.949588863679735967e-02
9.165370000000000461e-01 1.822467417529259961e-02 4.245619594768111904e-01 0.000000000000000000e+00 0.000000000000000000e+00 4.924503880420095375e-02
9.378859000000000501e-01 2.240066565852121341e-02 4.070606038019917716e-01 0.000000000000000000e+00 0.000000000000000000e+00 4.912065702018553193e-02
9.597320999999999769e-01 2.739107657547269065e-02 4.141681206413160843e-01 0.000000000000000000e+00 0.000000000000000000e+00 4.911494837194786689e-02
9.820870999999999906e-01 3.331768749600979435e-02 4.249163541775239916e-01 0.000000000000000000e+00 0.000000000000000000e+00 4.921091903192853501e-02
1.004963000000000051e+00 4.030809605412715574e-02 4.448089196981891424e-01 0.000000000000000000e+00 0.000000000000000000e+00 4.938850497811150125e-02
1.028370999999999924e+00 4.849976685034301099e-02 4.459232641641937001e-01 0.000000000000000000e+00 0.000000000000000000e+00 4.963335223785664968e-02
1.052324999999999955e+00 5.805724458957435552e-02 4.392447002187070404e-01 0.000000000000000000e+00 0.000000000000000000e+00 4.995013316649208474e-02
1.076837000000000044e+00 6.914862862484848216e-02 4.304629641946274288e-01 0.000000000000000000e+00 0.000000000000000000e+00 5.033295328462242257e-02
1.101920000000000011e+00 8.194582205361522487e-02 4.213523523608924126e-01 0.000000000000000000e+00 0.000000000000000000e+00 5.077229649594421773e-02
1.127586999999999895e+00 9.665652859043011302e-02 4.158054371113472647e-01 0.000000000000000000e+00 0.000000000000000000e+00 5.127535810146544720e-02
1.153852000000000100e+00 1.135443313626630646e-01 4.159102406096505389e-01 0.000000000000000000e+00 0.000000000000000000e+00 5.186497604833224112e-02
1.180728000000000000e+00 1.329213279666076886e-01 4.084389357529133457e-01 0.000000000000000000e+00 0.000000000000000000e+00 5.256528374057014424e-02
1.208231000000000055e+00 1.550973244314720612e-01 4.051876799834014942e-01 0.000000000000000000e+00 0.000000000000000000e+00 5.338049765737280100e-02
1.236374000000000084e+00 1.804145667137965481e-01 4.046619545879702184e-01 0.000000000000000000e+00 0.000000000000000000e+00 5.431494210697539876e-02
1.265173000000000103e+00 2.092374070149863874e-01 3.991928802653013086e-01 0.000000000000000000e+00 0.000000000000000000e+00 5.536967817352810711e-02
1.294642999999999988e+00 2.419572077366548279e-01 3.955743897611971316e-01 0.000000000000000000e+00 0.000000000000000000e+00 5.654506811068552019e-02
1.324799000000000060e+00 2.790335907624144074e-01 3.893417714710692423e-01 0.000000000000000000e+00 0.000000000000000000e+00 5.784962040203636691e-02
1.355658000000000030e+00 3.210354592938369778e-01 3.825665969846782088e-01 0.000000000000000000e+00 0.000000000000000000e+00 5.930314962180448235e-02
1.387234999999999996e+00 3.685588695018781058e-01 3.753209766690209781e-01 0.000000000000000000e+00 0.000000000000000000e+00 6.091669557312914818e-02
1.419548000000000032e+00 4.222099682381440511e-01 3.635512395186048518e-01 0.000000000000000000e+00 0.000000000000000000e+00 6.269317600338714103e-02
1.452612999999999932e+00 4.826634570766635268e-01 3.686303493949771304e-01 0.000000000000000000e+00 0.000000000000000000e+00 6.463863361367176708e-02
1.486448999999999909e+00 5.506283347632916492e-01 3.708034616089230240e-01 0.000000000000000000e+00 0.000000000000000000e+00 6.675660889813336829e-02
1.521072999999999897e+00 6.267739361817423749e-01 3.873288162080024688e-01 0.000000000000000000e+00 0.000000000000000000e+00 6.904102229459825601e-02
1.556502999999999970e+00 7.118998820339419442e-01 3.888580104677231697e-01 0.000000000000000000e+00 0.000000000000000000e+00 7.149754969029591123e-02
1.592759000000000036e+00 8.067770909831811776e-01 3.790602093384710658e-01 0.000000000000000000e+00 0.000000000000000000e+00 7.412453413846026296e-02
1.629858999999999947e+00 9.120248739806265936e-01 3.856476483967441471e-01 0.000000000000000000e+00 0.000000000000000000e+00 7.690567214728108447e-02
1.667823000000000055e+00 1.027991036783520329e+00 3.868199336581089609e-01 0.000000000000000000e+00 0.000000000000000000e+00 7.980684946998133078e-02
1.706671999999999967e+00 1.155085672110687689e+00 3.804951754569823597e-01 0.000000000000000000e+00 0.000000000000000000e+00 8.280769962597905876e-02
1.746424999999999894e+00 1.293724086921988592e+00 3.594080299740882167e-01 0.000000000000000000e+00 0.000000000000000000e+00 8.589400617857258224e-02
1.787104999999999944e+00 1.443992801111644741e+00 3.339988820936843350e-01 0.000000000000000000e+00 0.000000000000000000e+00 8.903567663116877806e-02
1.828732000000000024e+00 1.605453205815459583e+00 3.117636674554952192e-01 0.000000000000000000e+00 0.000000000000000000e+00 9.218145214240018592e-02
1.871328000000000102e+00 1.777657734442655846e+00 2.932375642427996199e-01 0.000000000000000000e+00 0.000000000000000000e+00 9.529439839190181893e-02
1.914916999999999980e+00 1.960205786728777211e+00 2.801124922411535323e-01 0.000000000000000000e+00 0.000000000000000000e+00 9.835120911190946280e-02
1.959521000000000068e+00 2.152216468209696032e+00 2.639146387386319681e-01 0.000000000000000000e+00 0.000000000000000000e+00 1.013138389862640321e-01
2.005164999999999864e+00 2.353644524620735812e+00 2.514798041430521547e-01 0.000000000000000000e+00 0.000000000000000000e+00 1.041924827829517064e-01
2.051870999999999778e+00 2.564850072786168944e+00 2.434736448687618848e-01 0.000000000000000000e+00 0.000000000000000000e+00 1.070142029868515338e-01
2.099664999999999893e+00 2.786520379855141449e+00 2.365924953229197325e-01 0.000000000000000000e+00 0.000000000000000000e+00 1.098149493051048670e-01
2.148572999999999844e+00 3.018615321700893084e+00 2.295046356193065074e-01 0.000000000000000000e+00 0.000000000000000000e+00 1.125974721518618465e-01
2.198618999999999879e+00 3.260604829764067958e+00 2.200615988846887361e-01 0.000000000000000000e+00 0.000000000000000000e+00 1.153478929202079867e-01
2.249832000000000054e+00 3.511443823080501847e+00 2.102840158063554732e-01 0.000000000000000000e+00 0.000000000000000000e+00 1.180389206945104269e-01
2.302236999999999867e+00 3.769223265919867227e+00 1.834191371817095462e-01 0.000000000000000000e+00 0.000000000000000000e+00 1.206219312856299797e-01
2.355862999999999818e+00 4.034948873944621539e+00 1.588449719965949747e-01 0.000000000000000000e+00 0.000000000000000000e+00 1.231473008889728687e-01
2.410737999999999825e+00 4.307702802780446483e+00 1.439853185746121644e-01 0.000000000000000000e+00 0.000000000000000000e+00 1.256013424455213190e-01
2.466890999999999945e+00 4.584698262390135781e+00 1.261757663790760708e-01 0.000000000000000000e+00 0.000000000000000000e+00 1.279213303145988745e-01
2.524353000000000069e+00 4.864406094125086177e+00 1.105499223587428914e-01 0.000000000000000000e+00 0.000000000000000000e+00 1.300892446435264194e-01
2.583152000000000115e+00 5.145770758945022116e+00 1.105972618580973316e-01 0.000000000000000000e+00 0.000000000000000000e+00 1.321027146322909795e-01
2.643321999999999949e+00 5.428289167632280865e+00 1.085976155721601610e-01 0.000000000000000000e+00 0.000000000000000000e+00 1.339738397496942346e-01
2.704893000000000214e+00 5.711446601431166670e+00 1.060828704274857648e-01 0.000000000000000000e+00 0.000000000000000000e+00 1.357129675717695105e-01
2.767898000000000192e+00 5.996535276857611230e+00 1.024722766832425469e-01 0.000000000000000000e+00 0.000000000000000000e+00 1.373705496659748393e-01
2.832370000000000054e+00 6.284323599588439890e+00 9.865269604331027009e-02 0.000000000000000000e+00 0.000000000000000000e+00 1.389785547425136936e-01
2.898344999999999949e+00 6.575915345549447011e+00 9.429192684010995196e-02 0.000000000000000000e+00 0.000000000000000000e+00 1.405718721622760681e-01
2.965856000000000048e+00 6.874682091013187168e+00 8.983396574309973626e-02 0.000000000000000000e+00 0.000000000000000000e+00 1.422277979833072858e-01
3.034939000000000053e+00 7.181641859871000122e+00 8.597188140415164270e-02 0.000000000000000000e+00 0.000000000000000000e+00 1.439668216806531398e-01
3.105631999999999948e+00 7.494663595838704673e+00 8.292050931221371657e-02 0.000000000000000000e+00 0.000000000000000000e+00 1.457457699753402502e-01
3.177972000000000019e+00 7.811707693362824223e+00 7.967061268810565755e-02 0.000000000000000000e+00 0.000000000000000000e+00 1.475282325984378640e-01
3.251996000000000109e+00 8.132452153425248298e+00 7.640187213373704489e-02 0.000000000000000000e+00 0.000000000000000000e+00 1.493133831929988886e-01
3.327745000000000175e+00 8.451577855824293550e+00 7.279192416056326498e-02 0.000000000000000000e+00 0.000000000000000000e+00 1.510111318073355524e-01
3.405257999999999896e+00 8.764394394479367634e+00 6.895297263233017560e-02 0.000000000000000000e+00 0.000000000000000000e+00 1.525515700044759726e-01
3.484576999999999813e+00 9.065671396209511457e+00 6.508481273332748784e-02 0.000000000000000000e+00 0.000000000000000000e+00 1.538623514231788614e-01
3.565742999999999885e+00 9.353241567875064888e+00 6.115513954615269671e-02 0.000000000000000000e+00 0.000000000000000000e+00 1.549284296121205551e-01
3.648800000000000043e+00 9.626389131971277990e+00 5.728555268861036665e-02 0.000000000000000000e+00 0.000000000000000000e+00 1.557590859909867009e-01
3.733791000000000082e+00 9.884641480101844735e+00 5.331443592339056570e-02 0.000000000000000000e+00 0.000000000000000000e+00 1.563660085338702821e-01
3.820762000000000214e+00 1.012965430552884349e+01 4.980984135908349958e-02 0.000000000000000000e+00 0.000000000000000000e+00 1.567922043638056429e-01
3.909759000000000206e+00 1.036496324847951733e+01 4.622725330419613643e-02 0.000000000000000000e+00 0.000000000000000000e+00 1.571049944146092614e-01
4.000829000000000413e+00 1.059506044494872512e+01 4.270289203052599764e-02 0.000000000000000000e+00 0.000000000000000000e+00 1.573799850623863461e-01
4.094020999999999688e+00 1.082767021577123501e+01 3.962942809938513333e-02 0.000000000000000000e+00 0.000000000000000000e+00 1.577336331239338751e-01
4.189383000000000301e+00 1.107068416645561904e+01 3.680872451064025330e-02 0.000000000000000000e+00 0.000000000000000000e+00 1.582758812164815343e-01
4.286965999999999610e+00 1.132951677450437700e+01 3.326519582987134266e-02 0.000000000000000000e+00 0.000000000000000000e+00 1.590740081470976841e-01
4.386822000000000443e+00 1.160777724328090699e+01 2.881123187180608877e-02 0.000000000000000000e+00 0.000000000000000000e+00 1.601659645962366374e-01
4.489004000000000438e+00 1.190737200021919229e+01 2.600798530938397413e-02 0.000000000000000000e+00 0.000000000000000000e+00 1.615644453483082166e-01
4.593567000000000178e+00 1.222986424251559789e+01 2.422441842550580524e-02 0.000000000000000000e+00 0.000000000000000000e+00 1.632772073550748104e-01
4.700563999999999965e+00 1.257546002897272608e+01 2.291517472394796404e-02 0.000000000000000000e+00 0.000000000000000000e+00 1.652941784614948562e-01
4.810055000000000192e+00 1.294114862483761108e+01 2.158923560249365742e-02 0.000000000000000000e+00 0.000000000000000000e+00 1.675647414071204655e-01
4.922094999999999665e+00 1.331937808846038607e+01 2.021139024190890879e-02 0.000000000000000000e+00 0.000000000000000000e+00 1.699837177096133745e-01
5.036745999999999945e+00 1.370349300331137243e+01 1.897419021806014822e-02 0.000000000000000000e+00 0.000000000000000000e+00 1.724634227633732864e-01
5.154066000000000258e+00 1.408894126154817705e+01 1.778509157437652491e-02 0.000000000000000000e+00 0.000000000000000000e+00 1.749471512345213697e-01
5.274119999999999919e+00 1.446720674321161404e+01 1.670144853450394526e-02 0.000000000000000000e+00 0.000000000000000000e+00 1.773325400429720256e-01
5.396969999999999601e+00 1.483358076158100225e+01 1.567465114812558943e-02 0.000000000000000000e+00 0.000000000000000000e+00 1.795683034733335515e-01
5.522681999999999647e+00 1.518541724039343421e+01 1.470115703199311417e-02 0.000000000000000000e+00 0.000000000000000000e+00 1.816300039043764192e-01
5.651322000000000401e+00 1.551950945355387468e+01 1.376286695430989186e-02 0.000000000000000000e+00 0.000000000000000000e+00 1.834873422410322197e-01
5.782957999999999821e+00 1.583320820139363327e+01 1.289166531768620380e-02 0.000000000000000000e+00 0.000000000000000000e+00 1.851174913380613518e-01
5.917659999999999698e+00 1.612676116412569627e+01 1.202562900049294892e-02 0.000000000000000000e+00 0.000000000000000000e+00 1.865316755756113720e-01
6.055500000000000327e+00 1.640137073614363317e+01 1.123112875693524706e-02 0.000000000000000000e+00 0.000000000000000000e+00 1.877511275843504190e-01
6.196551000000000364e+00 1.665689177730206438e+01 1.050883486988747791e-02 0.000000000000000000e+00 0.000000000000000000e+00 1.887805390475063572e-01
6.340887000000000384e+00 1.689290676537071434e+01 9.826008835424608623e-03 0.000000000000000000e+00 0.000000000000000000e+00 1.896209885931112171e-01
6.488584999999999603e+00 1.710941265955382207e+01 9.194904235922755562e-03 0.000000000000000000e+00 0.000000000000000000e+00 1.902777701085193729e-01
6.639724000000000181e+00 1.730440103835133669e+01 8.606498480162412187e-03 0.000000000000000000e+00 0.000000000000000000e+00 1.907335463845097612e-01
6.794382999999999839e+00 1.747425614065721078e+01 8.049990040759716706e-03 0.000000000000000000e+00 0.000000000000000000e+00 1.909536935018878168e-01
6.952644000000000268e+00 1.761674104404377061e+01 7.530408609303485858e-03 0.000000000000000000e+00 0.000000000000000000e+00 1.909193471811981568e-01
7.114592000000000027e+00 1.773517147981146636e+01 7.039273763893951104e-03 0.000000000000000000e+00 0.000000000000000000e+00 1.906715788883823204e-01
7.280312000000000339e+00 1.783501790107313667e+01 6.575387099674414801e-03 0.000000000000000000e+00 0.000000000000000000e+00 1.902728146652176433e-01
7.449893000000000320e+00 1.792081641698609218e+01 6.136359900380058789e-03 0.000000000000000000e+00 0.000000000000000000e+00 1.897734386206486323e-01
7.623422999999999838e+00 1.800242642662339776e+01 5.731709928809300067e-03 0.000000000000000000e+00 0.000000000000000000e+00 1.892781624029878929e-01
7.800995000000000346e+00 1.809485665236672958e+01 5.351183327186976972e-03 0.000000000000000000e+00 0.000000000000000000e+00 1.889424570711475682e-01
7.982704000000000022e+00 1.820574748606579973e+01 4.994890365199309255e-03 0.000000000000000000e+00 0.000000000000000000e+00 1.888412518416449637e-01
8.168644999999999712e+00 1.833816038679524141e+01 4.664549580924830414e-03 0.000000000000000000e+00 0.000000000000000000e+00 1.890005634114210742e-01
8.358916999999999931e+00 1.849637062684414346e+01 4.356657466224436552e-03 0.000000000000000000e+00 0.000000000000000000e+00 1.894584747677255931e-01
8.553620999999999697e+00 1.868602110426894214e+01 4.071887420741607949e-03 0.000000000000000000e+00 0.000000000000000000e+00 1.902663838930910289e-01
8.752860999999999336e+00 1.890662129268798353e+01 3.806441098939222518e-03 0.000000000000000000e+00 0.000000000000000000e+00 1.914127413259697208e-01
8.956740999999999175e+00 1.915197268625823313e+01 3.558484553723780582e-03 0.000000000000000000e+00 0.000000000000000000e+00 1.928291456202206322e-01
9.165369999999999351e+00 1.941131081672915570e+01 3.327672958527445185e-03 0.000000000000000000e+00 0.000000000000000000e+00 1.944032555792035433e-01
9.378859000000000279e+00 1.967048519328617218e+01 3.112366690132742711e-03 0.000000000000000000e+00 0.000000000000000000e+00 1.959915440978020618e-01
9.597321000000000879e+00 1.991297500930371456e+01 2.910129206855092097e-03 0.000000000000000000e+00 0.000000000000000000e+00 1.974299467227847160e-01
9.820871000000000350e+00 2.012811379750754170e+01 2.701083004388397588e-03 0.000000000000000000e+00 0.000000000000000000e+00 1.986152781966468439e-01
1.004963000000000051e+01 2.031253394680122071e+01 2.487474403951933470e-03 0.000000000000000000e+00 0.000000000000000000e+00 1.995177816018538219e-01
1.028370999999999924e+01 2.045963985724684164e+01 2.320904176910192161e-03 0.000000000000000000e+00 0.000000000000000000e+00 2.000764230554371581e-01
1.052325000000000088e+01 2.056717559705353793e+01 2.162241553712961409e-03 0.000000000000000000e+00 0.000000000000000000e+00 2.002732157004000479e-01
1.076837000000000089e+01 2.063339338971663040e+01 2.014419647446780148e-03 0.000000000000000000e+00 0.000000000000000000e+00 2.000951100391673287e-01
1.101919999999999966e+01 2.065863922824515697e+01 1.876701459451492410e-03 0.000000000000000000e+00 0.000000000000000000e+00 1.995492026921439344e-01
1.127586999999999939e+01 2.063934504466731212e+01 1.748397874816811715e-03 0.000000000000000000e+00 0.000000000000000000e+00 1.986045397071635188e-01
1.153852000000000011e+01 2.058294588272613623e+01 1.628865320416852513e-03 0.000000000000000000e+00 0.000000000000000000e+00 1.973358531075599942e-01
1.180728000000000044e+01 2.053811281695458746e+01 1.517494299023295582e-03 0.000000000000000000e+00 0.000000000000000000e+00 1.962105003030515105e-01
1.208230999999999966e+01 2.053320057952654665e+01 1.413734628354340389e-03 0.000000000000000000e+00 0.000000000000000000e+00 1.954958448949222216e-01
1.236373999999999995e+01 2.060067156392102916e+01 1.317066094013304503e-03 0.000000000000000000e+00 0.000000000000000000e+00 1.954948509153740799e-01
1.265173000000000059e+01 2.075498882140323431e+01 1.226989984816947770e-03 0.000000000000000000e+00 0.000000000000000000e+00 1.963366797147651499e-01
1.294642999999999944e+01 2.098195003134824788e+01 1.143066991156513074e-03 0.000000000000000000e+00 0.000000000000000000e+00 1.978790519335842657e-01
1.324798999999999971e+01 2.128493051867269159e+01 1.064870157255318021e-03 0.000000000000000000e+00 0.000000000000000000e+00 2.001471741304156060e-01
1.355658000000000030e+01 2.172691928273954431e+01 9.920102136643277509e-04 0.000000000000000000e+00 0.000000000000000000e+00 2.037253603416988579e-01
1.387235000000000085e+01 2.238100036988753772e+01 9.241203491875507907e-04 0.000000000000000000e+00 0.000000000000000000e+00 2.092863623469468359e-01
1.419547999999999988e+01 2.334730842742783707e+01 8.608642419482190854e-04 0.000000000000000000e+00 0.000000000000000000e+00 2.177488605403481159e-01
1.452613000000000021e+01 2.459954696650740402e+01 8.019261961804692281e-04 0.000000000000000000e+00 0.000000000000000000e+00 2.288470871521680050e-01
1.486448999999999998e+01 2.596641737625987645e+01 7.470137902587311056e-04 0.000000000000000000e+00 0.000000000000000000e+00 2.409736654301376235e-01
1.521072999999999986e+01 2.723246131870288878e+01 6.958555044570699727e-04 0.000000000000000000e+00 0.000000000000000000e+00 2.521287199611195740e-01
1.556503000000000014e+01 2.823663649909725137e+01 6.481936708841197752e-04 0.000000000000000000e+00 0.000000000000000000e+00 2.608335534501700081e-01
1.592759000000000036e+01 2.895208206684734975e+01 6.037956728349677150e-04 0.000000000000000000e+00 0.000000000000000000e+00 2.668586053263721225e-01
1.629859000000000080e+01 2.939668480845882925e+01 5.624399985832403753e-04 0.000000000000000000e+00 0.000000000000000000e+00 2.703866359370626915e-01
1.667822999999999922e+01 2.955052512526517816e+01 5.239239464918062951e-04 0.000000000000000000e+00 0.000000000000000000e+00 2.712506628270053843e-01
1.706672000000000011e+01 2.935268515022458047e+01 4.880572400623961970e-04 0.000000000000000000e+00 0.000000000000000000e+00 2.689083275589986832e-01
1.746424999999999983e+01 2.875143568819230211e+01 4.546653750750227286e-04 0.000000000000000000e+00 0.000000000000000000e+00 2.629042859042687863e-01
1.787105000000000032e+01 2.775442443776510970e+01 4.235862593838578640e-04 0.000000000000000000e+00 0.000000000000000000e+00 2.533272159434172832e-01
1.828732000000000113e+01 2.636616436213529724e+01 3.946700349505515276e-04 0.000000000000000000e+00 0.000000000000000000e+00 2.402352710456883145e-01
1.871328000000000102e+01 2.475818883029207385e+01 3.677725687193389176e-04 0.000000000000000000e+00 0.000000000000000000e+00 2.252042221150094836e-01
1.914917000000000158e+01 2.318193690290336662e+01 3.427582211102790937e-04 0.000000000000000000e+00 0.000000000000000000e+00 2.105241217737717774e-01
1.959521000000000157e+01 2.192856790164223924e+01 3.194957544151444395e-04 0.000000000000000000e+00 0.000000000000000000e+00 1.988303046579735223e-01
2.005164999999999864e+01 2.122310770310177830e+01 2.978609098743489306e-04 0.000000000000000000e+00 0.000000000000000000e+00 1.921437181325284516e-01
2.051870999999999867e+01 2.127949692320956387e+01 2.777359642432976577e-04 0.000000000000000000e+00 0.000000000000000000e+00 1.923744157790445997e-01
2.099664999999999893e+01 2.209544857762026027e+01 2.590126621166501152e-04 0.000000000000000000e+00 0.000000000000000000e+00 1.994713370795286600e-01
2.148573000000000022e+01 2.361888083365743540e+01 2.415859789861982045e-04 0.000000000000000000e+00 0.000000000000000000e+00 2.129368603422167050e-01
2.198619000000000057e+01 2.582341336170782853e+01 2.253614223630255890e-04 0.000000000000000000e+00 0.000000000000000000e+00 2.325093196839769505e-01
2.249831999999999965e+01 2.860859265172215871e+01 2.102495398162171163e-04 0.000000000000000000e+00 0.000000000000000000e+00 2.572639623990574664e-01
2.302236999999999867e+01 3.176578246747819634e+01 1.961695150432057552e-04 0.000000000000000000e+00 0.000000000000000000e+00 2.853103766840347499e-01
2.355863000000000085e+01 3.505556199132569617e+01 1.830456448377572808e-04 0.000000000000000000e+00 0.000000000000000000e+00 3.144919830642092240e-01
2.410737999999999914e+01 3.830008739696791054e+01 1.708093591895766929e-04 0.000000000000000000e+00 0.000000000000000000e+00 3.432143497164228951e-01
2.466891000000000034e+01 4.138520284574642716e+01 1.593976266624460886e-04 0.000000000000000000e+00 0.000000000000000000e+00 3.704601600732969624e-01
2.524352999999999980e+01 4.421459124333156154e+01 1.487523143940631531e-04 0.000000000000000000e+00 0.000000000000000000e+00 3.953755992324620161e-01
2.583152000000000115e+01 4.674958899940688895e+01 1.388203793595618870e-04 0.000000000000000000e+00 0.000000000000000000e+00 4.176248461435975723e-01
2.643321999999999861e+01 4.897200041305676166e+01 1.295530001661465540e-04 0.000000000000000000e+00 0.000000000000000000e+00 4.370554254784467241e-01
2.704892999999999859e+01 5.087356275927254501e+01 1.209051139424137676e-04 0.000000000000000000e+00 0.000000000000000000e+00 4.536033403870326497e-01
2.767897999999999925e+01 5.245153386606607171e+01 1.128349114656295317e-04 0.000000000000000000e+00 0.000000000000000000e+00 4.672533541236434385e-01
2.832369999999999877e+01 5.369226585029312560e+01 1.053034859171525078e-04 0.000000000000000000e+00 0.000000000000000000e+00 4.778925915747988529e-01
2.898345000000000127e+01 5.458486720967499650e+01 9.827493036559185988e-05 0.000000000000000000e+00 0.000000000000000000e+00 4.854324756637253269e-01
2.965856000000000137e+01 5.508910083099684840e+01 9.151174206860424932e-05 0.000000000000000000e+00 0.000000000000000000e+00 4.895233705862920282e-01
