3.034939000000000039e-02 0.000000000000000000e+00 0.000000000000000000e+00 8.746280158993804607e-05 0.000000000000000000e+00 1.220671458505473813e-39
3.105631999999999837e-02 0.000000000000000000e+00 0.000000000000000000e+00 9.345024749310707130e-05 0.000000000000000000e+00 7.029920847196836986e-37
3.177971999999999742e-02 0.000000000000000000e+00 0.000000000000000000e+00 9.530568166165647923e-05 0.000000000000000000e+00 2.592650929081408799e-34
3.251996000000000053e-02 0.000000000000000000e+00 0.000000000000000000e+00 1.003771692393658530e-04 0.000000000000000000e+00 6.303123920829965037e-32
3.327745000000000009e-02 0.000000000000000000e+00 0.000000000000000000e+00 1.029193970957044716e-04 0.000000000000000000e+00 1.042315890303727461e-29
3.405257999999999896e-02 0.000000000000000000e+00 0.000000000000000000e+00 1.032969325142903225e-04 0.000000000000000000e+00 1.204308431675102541e-27
3.484576999999999813e-02 0.000000000000000000e+00 0.000000000000000000e+00 1.081766252954825634e-04 0.000000000000000000e+00 9.967039091501735924e-26
3.565742999999999691e-02 0.000000000000000000e+00 0.000000000000000000e+00 1.399692852116904613e-04 0.000000000000000000e+00 6.041280532323812481e-24
3.648799999999999960e-02 0.000000000000000000e+00 0.000000000000000000e+00 1.959753409373439558e-04 0.000000000000000000e+00 2.735814708475854802e-22
3.733791000000000193e-02 0.000000000000000000e+00 0.000000000000000000e+00 2.082757620885729462e-04 0.000000000000000000e+00 9.466936752399202272e-21
3.820761999999999770e-02 0.000000000000000000e+00 0.000000000000000000e+00 1.877448084040304812e-04 0.000000000000000000e+00 2.550863263365457282e-19
3.909759000000000151e-02 0.000000000000000000e+00 0.000000000000000000e+00 2.267928020188157191e-04 0.000000000000000000e+00 5.446076357825081791e-18
4.000829000000000191e-02 0.000000000000000000e+00 0.000000000000000000e+00 2.936561956935350480e-04 0.000000000000000000e+00 9.355819354958557595e-17
4.094020999999999771e-02 0.000000000000000000e+00 0.000000000000000000e+00 3.267850440383685017e-04 0.000000000000000000e+00 1.311050455232819074e-15
4.189382999999999996e-02 0.000000000000000000e+00 0.000000000000000000e+00 3.130810392167382482e-04 0.000000000000000000e+00 1.523087729164471187e-14
4.286965999999999694e-02 0.000000000000000000e+00 0.000000000000000000e+00 2.999018367992599713e-04 0.000000000000000000e+00 1.486426346678579006e-13
4.386821999999999944e-02 0.000000000000000000e+00 0.000000000000000000e+00 3.339059059194843487e-04 0.000000000000000000e+00 1.233589114532438392e-12
4.489003999999999911e-02 0.000000000000000000e+00 0.000000000000000000e+00 3.521575610922862091e-04 0.000000000000000000e+00 8.798843510398055410e-12
4.593566999999999789e-02 0.000000000000000000e+00 0.000000000000000000e+00 3.268246423082235628e-04 0.000000000000000000e+00 5.444553399384363441e-11
4.700564000000000131e-02 0.000000000000000000e+00 0.000000000000000000e+00 3.333852262902987354e-04 0.000000000000000000e+00 2.956976914558286450e-10
4.810054999999999886e-02 0.000000000000000000e+00 0.000000000000000000e+00 3.574317137425392604e-04 0.000000000000000000e+00 1.422709412731275316e-09
4.922094999999999942e-02 0.000000000000000000e+00 0.000000000000000000e+00 3.427937913230916169e-04 0.000000000000000000e+00 6.115930180403309660e-09
5.036746000000000278e-02 0.000000000000000000e+00 0.000000000000000000e+00 3.833628089304037746e-04 0.000000000000000000e+00 2.366218168918092467e-08
5.154066000000000203e-02 0.000000000000000000e+00 0.000000000000000000e+00 5.541131283036907634e-04 0.000000000000000000e+00 8.290944938832710425e-08
5.274120000000000197e-02 0.000000000000000000e+00 0.000000000000000000e+00 5.198956442544824808e-04 0.000000000000000000e+00 2.652837845399835227e-07
5.396970000000000239e-02 0.000000000000000000e+00 0.000000000000000000e+00 4.429397567959465439e-04 0.000000000000000000e+00 7.800911967629869402e-07
5.522682000000000285e-02 0.000000000000000000e+00 0.000000000000000000e+00 4.660294339641153139e-04 0.000000000000000000e+00 2.120424746627006228e-06
5.651322000000000290e-02 0.000000000000000000e+00 0.000000000000000000e+00 5.928132063490531645e-04 0.000000000000000000e+00 5.353938478273569329e-06
5.782957999999999849e-02 0.000000000000000000e+00 0.000000000000000000e+00 6.178460165991656386e-04 0.000000000000000000e+00 1.260987182309828306e-05
5.917660000000000281e-02 0.000000000000000000e+00 0.000000000000000000e+00 5.976648275873229195e-04 0.000000000000000000e+00 2.787056265267768995e-05
6.055499999999999772e-02 0.000000000000000000e+00 0.000000000000000000e+00 5.294805892695885613e-04 0.000000000000000000e+00 5.806546488936797565e-05
6.196551000000000142e-02 0.000000000000000000e+00 0.000000000000000000e+00 6.302017754829270521e-04 0.000000000000000000e+00 1.144996659786557026e-04
6.340887000000000606e-02 0.000000000000000000e+00 0.000000000000000000e+00 6.554867304386725923e-04 0.000000000000000000e+00 2.144354723869917629e-04
6.488584999999999492e-02 0.000000000000000000e+00 0.000000000000000000e+00 6.609707542470869696e-04 0.000000000000000000e+00 3.824852007283166262e-04
6.639723999999999626e-02 0.000000000000000000e+00 0.000000000000000000e+00 6.683952360178931767e-04 0.000000000000000000e+00 6.526032792430910790e-04
6.794382999999999673e-02 0.000000000000000000e+00 0.000000000000000000e+00 6.758549920408204060e-04 0.000000000000000000e+00 1.068509663494334383e-03
6.952643999999999491e-02 1.434745328256753772e-309 0.000000000000000000e+00 6.736493870664608200e-04 0.000000000000000000e+00 1.683676778621438427e-03
7.114592000000000138e-02 5.174283809864613510e-290 0.000000000000000000e+00 6.802847701163522746e-04 0.000000000000000000e+00 2.559071249753074994e-03
7.280311999999999895e-02 7.410602377588339556e-272 0.000000000000000000e+00 7.619859471240316177e-04 0.000000000000000000e+00 3.758867631021694470e-03
7.449893000000000487e-02 5.317569614923095065e-255 0.000000000000000000e+00 7.466599726855118824e-04 0.000000000000000000e+00 5.352593775975045612e-03
7.623423000000000005e-02 2.370909071847003434e-239 0.000000000000000000e+00 7.030573522695266874e-04 0.000000000000000000e+00 7.405758235171226375e-03
7.800994999999999457e-02 8.022328102390978198e-225 0.000000000000000000e+00 7.169849737334826716e-04 0.000000000000000000e+00 9.975472728032994119e-03
7.982704000000000188e-02 2.480067383261451580e-211 0.000000000000000000e+00 7.421287699725059948e-04 0.000000000000000000e+00 1.310249230457453083e-02
8.168644999999999379e-02 8.321711818634271587e-199 0.000000000000000000e+00 7.614734692480070203e-04 0.000000000000000000e+00 1.680372495681808562e-02
8.358917000000000430e-02 3.560726302069879471e-187 0.000000000000000000e+00 6.820407019865226987e-04 0.000000000000000000e+00 2.109178915702250232e-02
8.553621000000000141e-02 2.255357413833802234e-176 0.000000000000000000e+00 7.557097326633472256e-04 0.000000000000000000e+00 2.595298971533634494e-02
8.752861000000000669e-02 2.428912953244176994e-166 0.000000000000000000e+00 7.785051594907374311e-04 0.000000000000000000e+00 3.135393038936383492e-02
8.956741000000000008e-02 5.057406296264230901e-157 0.000000000000000000e+00 7.812919636692994534e-04 0.000000000000000000e+00 3.723608704819544174e-02
9.165370000000000461e-02 2.293509022026647344e-148 0.000000000000000000e+00 1.246711629727041953e-03 0.000000000000000000e+00 4.351348013387097008e-02
9.378859000000000501e-02 2.532132958109297403e-140 0.000000000000000000e+00 3.921728446277834325e-03 0.000000000000000000e+00 5.011651185614281190e-02
9.597321000000000324e-02 7.574611744950401853e-133 0.000000000000000000e+00 5.890540314665382825e-03 0.000000000000000000e+00 5.718412327510319360e-02
9.820871000000000461e-02 6.751502751036229886e-126 0.000000000000000000e+00 4.156919896167397474e-03 0.000000000000000000e+00 6.467351392387014897e-02
1.004962999999999967e-01 1.958078965453645485e-119 0.000000000000000000e+00 6.497186282650366934e-03 0.000000000000000000e+00 7.251864834019028372e-02
1.028371000000000007e-01 2.005265732259885588e-113 0.000000000000000000e+00 5.535339387039091980e-03 0.000000000000000000e+00 8.065013379296541440e-02
1.052325000000000066e-01 7.825178924521176577e-108 0.000000000000000000e+00 8.258640435986650680e-03 0.000000000000000000e+00 8.901262734436411750e-02
1.076836999999999933e-01 1.248378328974057281e-102 0.000000000000000000e+00 7.430970211140770949e-03 0.000000000000000000e+00 9.752195156377825580e-02
1.101919999999999983e-01 8.689941739728972460e-98 0.000000000000000000e+00 8.063507149766004425e-03 0.000000000000000000e+00 1.060761951864665625e-01
1.127587000000000034e-01 2.774396920326715403e-93 0.000000000000000000e+00 7.796831693651556060e-03 0.000000000000000000e+00 1.133665059933125219e-01
1.153851999999999933e-01 4.511914476382659082e-89 0.000000000000000000e+00 8.245597997897261694e-03 0.000000000000000000e+00 1.250245703242381101e-01
1.180728000000000055e-01 3.981276324279972859e-85 0.000000000000000000e+00 7.072867823284817966e-03 0.000000000000000000e+00 1.439086810041980413e-01
1.208231000000000027e-01 1.806754235842855342e-81 0.000000000000000000e+00 5.200144090324015922e-03 0.000000000000000000e+00 1.561946061079001746e-01
1.236373999999999945e-01 4.224865879447646868e-78 0.000000000000000000e+00 8.201656323769002804e-03 0.000000000000000000e+00 1.531974669258585331e-01
1.265172999999999992e-01 5.892329950052960486e-75 0.000000000000000000e+00 9.079415577231263190e-03 0.000000000000000000e+00 1.508325152037389982e-01
1.294643000000000044e-01 5.298706439637763839e-72 0.000000000000000000e+00 9.291769422842233520e-03 0.000000000000000000e+00 1.551334312522850700e-01
1.324799000000000115e-01 3.064894918536462114e-69 0.000000000000000000e+00 9.882201153583932210e-03 0.000000000000000000e+00 1.605240715366338944e-01
1.355657999999999863e-01 1.166859961205055747e-66 0.000000000000000000e+00 1.005842140319924624e-02 0.000000000000000000e+00 1.655220639207002908e-01
1.387234999999999996e-01 3.013492191881868852e-64 0.000000000000000000e+00 9.147225781166916023e-03 0.000000000000000000e+00 1.700937601370585417e-01
1.419547999999999921e-01 5.434017229249732296e-62 0.000000000000000000e+00 9.263154970855676240e-03 0.000000000000000000e+00 1.744004430913023151e-01
1.452613000000000099e-01 7.113537254096573479e-60 0.000000000000000000e+00 9.901076546629080516e-03 0.000000000000000000e+00 1.808242247498072497e-01
1.486448999999999965e-01 7.224097439602925224e-58 0.000000000000000000e+00 9.669494789203618088e-03 0.000000000000000000e+00 1.978964674892196018e-01
1.521073000000000008e-01 5.574050248630090733e-56 0.000000000000000000e+00 8.682132929121169282e-03 0.000000000000000000e+00 2.191257885235667613e-01
1.556502999999999914e-01 2.936428451466730563e-54 0.000000000000000000e+00 8.130305977582833257e-03 0.000000000000000000e+00 2.162906302818368154e-01
1.592758999999999980e-01 1.122612348100426600e-52 0.000000000000000000e+00 9.408068375836669411e-03 0.000000000000000000e+00 1.986869421748016229e-01
1.629858999999999891e-01 3.588063015043045260e-51 0.000000000000000000e+00 9.633265903805313807e-03 0.000000000000000000e+00 1.925127944696791160e-01
1.667822999999999944e-01 9.549656182769317292e-50 0.000000000000000000e+00 1.010612810079647775e-02 0.000000000000000000e+00 1.930954663597931886e-01
1.706671999999999911e-01 2.084754039931912754e-48 0.000000000000000000e+00 1.006735395173281866e-02 0.000000000000000000e+00 1.939314005177213140e-01
1.746425000000000061e-01 4.054297897921357272e-47 0.000000000000000000e+00 1.032361949724668396e-02 0.000000000000000000e+00 1.945036312507915643e-01
1.787104999999999944e-01 7.213670651934759316e-46 0.000000000000000000e+00 1.077265234402937505e-02 0.000000000000000000e+00 1.947288527196950891e-01
1.828732000000000135e-01 1.174262689449680975e-44 0.000000000000000000e+00 1.179493210031857045e-02 0.000000000000000000e+00 1.945777599914147726e-01
1.871327999999999880e-01 1.751438357629452811e-43 0.000000000000000000e+00 1.253248648451670347e-02 0.000000000000000000e+00 1.941230369004375567e-01
1.914916999999999869e-01 2.402351062444711047e-42 0.000000000000000000e+00 1.323796088991925808e-02 0.000000000000000000e+00 1.934722299500916398e-01
1.959520999999999902e-01 3.048982812590140089e-41 0.000000000000000000e+00 1.385366181264785675e-02 0.000000000000000000e+00 1.925701503230680955e-01
2.005164999999999864e-01 3.621365199615930593e-40 0.000000000000000000e+00 1.447554374286432084e-02 0.000000000000000000e+00 1.914482463122183509e-01
2.051871000000000111e-01 4.098098133746339311e-39 0.000000000000000000e+00 1.505712311645677516e-02 0.000000000000000000e+00 1.903265820937335429e-01
2.099665000000000004e-01 4.518150625450246017e-38 0.000000000000000000e+00 1.565676459904432466e-02 0.000000000000000000e+00 1.893413164145905658e-01
2.148573000000000011e-01 4.967449391597802025e-37 0.000000000000000000e+00 1.632085153510207456e-02 0.000000000000000000e+00 1.886201754032312550e-01
2.198618999999999990e-01 5.551309456602087328e-36 0.000000000000000000e+00 1.702628136580997334e-02 0.000000000000000000e+00 1.884553506957283020e-01
2.249831999999999943e-01 6.352132639490995074e-35 0.000000000000000000e+00 1.787436137762368760e-02 0.000000000000000000e+00 1.890055177497945993e-01
2.302237000000000033e-01 7.390215446797768378e-34 0.000000000000000000e+00 1.876549023643843753e-02 0.000000000000000000e+00 1.902212112523833099e-01
2.355862999999999985e-01 8.590605260804615609e-33 0.000000000000000000e+00 1.969737335478797050e-02 0.000000000000000000e+00 1.919652590324640307e-01
2.410738000000000048e-01 9.767533305800740287e-32 0.000000000000000000e+00 2.066051987038996021e-02 0.000000000000000000e+00 1.940626500698017232e-01
2.466890999999999945e-01 1.065799579786763288e-30 0.000000000000000000e+00 2.170029803475226685e-02 0.000000000000000000e+00 1.963483159381705923e-01
2.524352999999999736e-01 1.101586073990921280e-29 0.000000000000000000e+00 2.275084996618242233e-02 0.000000000000000000e+00 1.988072200808391754e-01
2.583152000000000226e-01 1.073616181468136624e-28 0.000000000000000000e+00 2.380168331672403645e-02 0.000000000000000000e+00 2.020307623213907222e-01
2.643322000000000171e-01 1.020245131417886994e-27 0.000000000000000000e+00 2.479132465642449115e-02 0.000000000000000000e+00 2.137023353915502022e-01
2.704892999999999881e-01 1.001075645836897566e-26 0.000000000000000000e+00 2.571380208635784190e-02 0.000000000000000000e+00 2.491574638259661523e-01
2.767897999999999747e-01 8.751678897027311502e-26 0.000000000000000000e+00 2.660453803447229357e-02 0.000000000000000000e+00 2.757984017527885801e-01
2.832370000000000165e-01 5.914106535198349992e-25 0.000000000000000000e+00 2.752343415070748756e-02 0.000000000000000000e+00 2.507988599202941593e-01
2.898344999999999949e-01 3.574347241738845772e-24 0.000000000000000000e+00 2.849009604890228795e-02 0.000000000000000000e+00 2.161377267295560567e-01
2.965856000000000048e-01 2.260216013179130880e-23 0.000000000000000000e+00 2.964899102197345385e-02 0.000000000000000000e+00 2.059034793283520404e-01
3.034938999999999831e-01 1.405361991841732776e-22 0.000000000000000000e+00 3.095813486887638230e-02 0.000000000000000000e+00 2.032148667083150950e-01
3.105631999999999837e-01 8.308510683805731788e-22 0.000000000000000000e+00 3.257701811229130051e-02 0.000000000000000000e+00 2.004041348952065871e-01
3.177972000000000019e-01 4.670055353199167631e-21 0.000000000000000000e+00 3.460641924816533488e-02 0.000000000000000000e+00 1.970050809002086845e-01
3.251995999999999776e-01 2.502912024825849250e-20 0.000000000000000000e+00 3.721738153518778375e-02 0.000000000000000000e+00 1.932060170507499397e-01
3.327744999999999731e-01 9.377541647984933624e-20 0.000000000000000000e+00 4.050289479793941355e-02 0.000000000000000000e+00 1.885171141644330084e-01
3.405257999999999896e-01 1.942562456271606568e-19 0.000000000000000000e+00 4.453890921230537620e-02 0.000000000000000000e+00 1.825689955952529142e-01
3.484576999999999813e-01 3.522358990797975210e-19 0.000000000000000000e+00 4.916765310322793181e-02 0.000000000000000000e+00 1.763924454449403711e-01
3.565743000000000107e-01 5.905591489263723355e-19 0.000000000000000000e+00 5.268379664933639517e-02 0.000000000000000000e+00 1.700558263999506214e-01
3.648799999999999821e-01 9.669818485260573272e-19 0.000000000000000000e+00 5.490305142298905483e-02 0.000000000000000000e+00 1.637166836658170421e-01
3.733791000000000193e-01 1.619035531328194923e-18 0.000000000000000000e+00 6.474278636206796944e-02 0.000000000000000000e+00 1.574820407065436745e-01
3.820761999999999770e-01 2.866118931717214696e-18 0.000000000000000000e+00 6.885158298651711251e-02 0.000000000000000000e+00 1.513805551952341066e-01
3.909758999999999873e-01 5.478357946319419553e-18 0.000000000000000000e+00 7.576464691480112867e-02 0.000000000000000000e+00 1.455003294757357402e-01
4.000829000000000191e-01 1.140736456583451883e-17 0.000000000000000000e+00 8.720817274722415802e-02 0.000000000000000000e+00 1.398871191025492788e-01
4.094020999999999910e-01 2.585014416767494704e-17 0.000000000000000000e+00 9.332355599188985051e-02 0.000000000000000000e+00 1.345920385551511445e-01
4.189382999999999857e-01 6.319794080428658480e-17 0.000000000000000000e+00 9.945360290565662120e-02 0.000000000000000000e+00 1.296526254126241784e-01
4.286965999999999832e-01 1.643338334236896833e-16 0.000000000000000000e+00 9.966771059846900316e-02 0.000000000000000000e+00 1.250692029152892237e-01
4.386822000000000221e-01 4.467777601075510706e-16 0.000000000000000000e+00 1.056699454507392250e-01 0.000000000000000000e+00 1.208578740495975662e-01
4.489003999999999772e-01 1.256017655909246674e-15 0.000000000000000000e+00 1.167057734387969142e-01 0.000000000000000000e+00 1.178787166001972336e-01
4.593567000000000067e-01 3.837182855443488966e-15 0.000000000000000000e+00 1.205989539737355593e-01 0.000000000000000000e+00 1.241915667462764883e-01
4.700563999999999854e-01 1.354351861464167086e-14 0.000000000000000000e+00 1.235930365062968411e-01 0.000000000000000000e+00 1.527590845581023316e-01
4.810054999999999747e-01 4.218582006961724905e-14 0.000000000000000000e+00 1.259259328804907263e-01 0.000000000000000000e+00 1.699358265061404194e-01
4.922095000000000220e-01 9.513355327376652058e-14 0.000000000000000000e+00 1.271951016194117212e-01 0.000000000000000000e+00 1.418164775490003693e-01
5.036745999999999723e-01 1.911542414182866776e-13 0.000000000000000000e+00 1.301453141134149838e-01 0.000000000000000000e+00 1.101179380789037571e-01
5.154066000000000480e-01 4.329962250280612992e-13 0.000000000000000000e+00 1.300831364498476472e-01 0.000000000000000000e+00 1.011135310625123906e-01
5.274119999999999919e-01 9.939762824166730706e-13 0.000000000000000000e+00 1.322081418317114787e-01 0.000000000000000000e+00 9.884425255867086701e-02
5.396969999999999823e-01 2.185800921177870984e-12 0.000000000000000000e+00 1.426584751562203213e-01 0.000000000000000000e+00 9.711107438969517058e-02
5.522681999999999869e-01 4.605177016483658072e-12 0.000000000000000000e+00 1.490506267660014761e-01 0.000000000000000000e+00 9.555138178721911402e-02
5.651321999999999734e-01 9.347538253055717639e-12 0.000000000000000000e+00 1.522184229885854001e-01 0.000000000000000000e+00 9.416232044755418196e-02
5.782958000000000265e-01 1.840513661075117472e-11 0.000000000000000000e+00 1.536731153754376800e-01 0.000000000000000000e+00 9.293520673677230226e-02
5.917660000000000142e-01 3.542431443733656910e-11 0.000000000000000000e+00 1.563108724937510574e-01 0.000000000000000000e+00 9.185851609670644957e-02
6.055500000000000327e-01 6.777296804484645944e-11 0.000000000000000000e+00 1.604973150762930012e-01 0.000000000000000000e+00 9.171710734843144253e-02
6.196551000000000142e-01 1.414717822054742345e-10 0.000000000000000000e+00 1.652217608897517398e-01 0.000000000000000000e+00 1.007304246099113704e-01
6.340886999999999496e-01 3.570097134381858747e-10 0.000000000000000000e+00 1.695938616913675034e-01 0.000000000000000000e+00 1.338221466515686631e-01
6.488585000000000047e-01 7.966515687806569865e-10 0.000000000000000000e+00 1.735400588904809915e-01 0.000000000000000000e+00 1.562592564519684479e-01
6.639724000000000181e-01 1.260234976717718539e-09 0.000000000000000000e+00 1.769622167244617184e-01 0.000000000000000000e+00 1.278637429386114410e-01
6.794383000000000505e-01 1.799801264041197663e-09 0.000000000000000000e+00 1.798072912292083270e-01 0.000000000000000000e+00 9.299427187134506889e-02
6.952644000000000046e-01 3.211898638929136718e-09 0.000000000000000000e+00 1.821290707664168784e-01 0.000000000000000000e+00 8.299785397241980778e-02
7.114591999999999583e-01 6.360225786366365688e-09 0.000000000000000000e+00 1.842296622612561996e-01 0.000000000000000000e+00 8.066001957003693379e-02
7.280311999999999895e-01 1.288995670263499646e-08 0.000000000000000000e+00 1.862269379175204298e-01 0.000000000000000000e+00 7.880950762221144990e-02
7.449892999999999654e-01 2.653899651795236120e-08 0.000000000000000000e+00 1.881215756942861139e-01 0.000000000000000000e+00 7.706612353444915187e-02
7.623423000000000282e-01 5.530408441410056132e-08 0.000000000000000000e+00 1.900823485895726805e-01 0.000000000000000000e+00 7.549868647471048855e-02
7.800994999999999457e-01 1.159853541960439654e-07 0.000000000000000000e+00 1.921984739271127007e-01 0.000000000000000000e+00 7.415649954824214685e-02
7.982704000000000466e-01 2.428801342565735041e-07 0.000000000000000000e+00 1.944453580445562046e-01 0.000000000000000000e+00 7.304726857523363703e-02
8.168644999999999934e-01 5.029445308637513102e-07 0.000000000000000000e+00 1.970182075836006685e-01 0.000000000000000000e+00 7.216467938373390123e-02
8.358917000000000153e-01 1.018321404576888928e-06 0.000000000000000000e+00 2.000645777310852691e-01 0.000000000000000000e+00 7.149215825235764876e-02
8.553621000000000141e-01 1.990528509530679921e-06 0.000000000000000000e+00 2.031585993581646044e-01 0.000000000000000000e+00 7.100614462738463750e-02
8.752860999999999558e-01 3.705398596450442502e-06 0.000000000000000000e+00 2.064903929504864066e-01 0.000000000000000000e+00 7.069649366438106319e-02
8.956741000000000286e-01 6.473014105053044095e-06 0.000000000000000000e+00 2.100069297559236658e-01 0.000000000000000000e+00 7.054969683137725378e-02
9.165370000000000461e-01 1.069065822454382401e-05 0.000000000000000000e+00 2.135886425076791439e-01 0.000000000000000000e+00 7.054878769940027550e-02
9.378859000000000501e-01 1.728554814286240688e-05 0.000000000000000000e+00 2.173044013606981184e-01 0.000000000000000000e+00 7.071133045595763555e-02
9.597320999999999769e-01 2.752804171277322781e-05 0.000000000000000000e+00 2.210786624404106337e-01 0.000000000000000000e+00 7.103296774619194398e-02
9.820870999999999906e-01 4.319258390273980099e-05 0.000000000000000000e+00 2.249777944296955934e-01 0.000000000000000000e+00 7.149169674509513184e-02
1.004963000000000051e+00 6.678375698374811932e-05 0.000000000000000000e+00 2.275926309455283958e-01 0.000000000000000000e+00 7.206045190480062090e-02
1.028370999999999924e+00 1.017852830787540296e-04 0.000000000000000000e+00 2.273393545912209268e-01 0.000000000000000000e+00 7.271991690077751758e-02
1.052324999999999955e+00 1.530143614271183591e-04 0.000000000000000000e+00 2.269524431237618101e-01 0.000000000000000000e+00 7.347832666939965729e-02
1.076837000000000044e+00 2.269809544017034727e-04 0.000000000000000000e+00 2.247855245099371346e-01 0.000000000000000000e+00 7.432834024324677658e-02
1.101920000000000011e+00 3.323482520612285485e-04 0.000000000000000000e+00 2.218543031966560275e-01 0.000000000000000000e+00 7.525703868883831804e-02
1.127586999999999895e+00 4.806350471744538864e-04 0.000000000000000000e+00 2.217885015691065664e-01 0.000000000000000000e+00 7.627608975808192193e-02
1.153852000000000100e+00 6.871411325617145889e-04 0.000000000000000000e+00 2.219840661634679690e-01 0.000000000000000000e+00 7.742060325783828301e-02
1.180728000000000000e+00 9.720021631556141498e-04 0.000000000000000000e+00 2.217492505123523083e-01 0.000000000000000000e+00 7.872802321948196846e-02
1.208231000000000055e+00 1.361061440330877228e-03 0.000000000000000000e+00 2.218654957446152542e-01 0.000000000000000000e+00 8.020625175736258161e-02
1.236374000000000084e+00 1.887398219255534719e-03 0.000000000000000000e+00 2.222792797790923425e-01 0.000000000000000000e+00 8.186333153512889704e-02
1.265173000000000103e+00 2.592819813873254494e-03 0.000000000000000000e+00 2.207692681817859104e-01 0.000000000000000000e+00 8.370235058609798440e-02
1.294642999999999988e+00 3.529687576350925421e-03 0.000000000000000000e+00 2.190243702020641114e-01 0.000000000000000000e+00 8.572525754818621779e-02
1.324799000000000060e+00 4.763650764500957681e-03 0.000000000000000000e+00 2.179040456645882917e-01 0.000000000000000000e+00 8.794629722871998012e-02
1.355658000000000030e+00 6.377302845072012859e-03 0.000000000000000000e+00 2.150553642278056898e-01 0.000000000000000000e+00 9.039699714350500626e-02
1.387234999999999996e+00 8.472212509262690844e-03 0.000000000000000000e+00 2.141113615672237680e-01 0.000000000000000000e+00 9.309569397808974134e-02
1.419548000000000032e+00 1.117163834414100498e-02 0.000000000000000000e+00 2.110933264156776012e-01 0.000000000000000000e+00 9.604834570718909226e-02
1.452612999999999932e+00 1.462539718304976116e-02 0.000000000000000000e+00 2.116864278122424503e-01 0.000000000000000000e+00 9.926564619389377508e-02
1.486448999999999909e+00 1.901314868572408223e-02 0.000000000000000000e+00 2.129693695267193543e-01 0.000000000000000000e+00 1.027544210708457723e-01
1.521072999999999897e+00 2.454561996948383465e-02 0.000000000000000000e+00 2.181597463532596315e-01 0.000000000000000000e+00 1.065066029480216392e-01
1.556502999999999970e+00 3.147458962750817463e-02 0.000000000000000000e+00 2.219093941299035699e-01 0.000000000000000000e+00 1.105321198120269716e-01
1.592759000000000036e+00 4.009181188616026126e-02 0.000000000000000000e+00 2.220031851047496452e-01 0.000000000000000000e+00 1.148295242904992519e-01
1.629858999999999947e+00 5.072504516999740837e-02 0.000000000000000000e+00 2.243835696475770802e-01 0.000000000000000000e+00 1.193745272202790808e-01
1.667823000000000055e+00 6.372922134075091616e-02 0.000000000000000000e+00 2.219547597872281730e-01 0.000000000000000000e+00 1.241148659817342403e-01
1.706671999999999967e+00 7.950266396486116438e-02 0.000000000000000000e+00 2.156750364372209960e-01 0.000000000000000000e+00 1.290192406571230022e-01
1.746424999999999894e+00 9.848598875984634904e-02 0.000000000000000000e+00 2.062856147270241414e-01 0.000000000000000000e+00 1.340656835124624524e-01
1.787104999999999944e+00 1.211352023439947467e-01 0.000000000000000000e+00 1.978003948255155353e-01 0.000000000000000000e+00 1.392072256517902784e-01
1.828732000000000024e+00 1.478906669473531998e-01 0.000000000000000000e+00 1.880135414294319962e-01 0.000000000000000000e+00 1.443634223887943768e-01
1.871328000000000102e+00 1.792049954337499029e-01 0.000000000000000000e+00 1.787647753135860051e-01 0.000000000000000000e+00 1.494757880381144544e-01
1.914916999999999980e+00 2.155447144587674391e-01 0.000000000000000000e+00 1.709419986108109968e-01 0.000000000000000000e+00 1.545069188005587790e-01
1.959521000000000068e+00 2.573251099103156525e-01 0.000000000000000000e+00 1.621145829961609386e-01 0.000000000000000000e+00 1.593960509799214886e-01
2.005164999999999864e+00 3.050523186939946840e-01 0.000000000000000000e+00 1.550779323280448152e-01 0.000000000000000000e+00 1.641581382316141813e-01
2.051870999999999778e+00 3.593002995233981478e-01 0.000000000000000000e+00 1.477708095257411758e-01 0.000000000000000000e+00 1.688349037511655548e-01
2.099664999999999893e+00 4.207181558589545567e-01 0.000000000000000000e+00 1.413751652374289070e-01 0.000000000000000000e+00 1.734823973359395088e-01
2.148572999999999844e+00 4.898761003474652043e-01 0.000000000000000000e+00 1.355243308539754998e-01 0.000000000000000000e+00 1.781044900999904923e-01
2.198618999999999879e+00 5.672639700662681639e-01 0.000000000000000000e+00 1.292909404480807323e-01 0.000000000000000000e+00 1.826787674090810110e-01
2.249832000000000054e+00 6.532537836930808473e-01 0.000000000000000000e+00 1.239063509468325691e-01 0.000000000000000000e+00 1.871614704198484025e-01
2.302236999999999867e+00 7.479935997589797214e-01 0.000000000000000000e+00 1.110113683284692648e-01 0.000000000000000000e+00 1.914748091991119172e-01
2.355862999999999818e+00 8.521441190328645776e-01 0.000000000000000000e+00 9.885318743019701204e-02 0.000000000000000000e+00 1.956980195906111164e-01
2.410737999999999825e+00 9.659754317548600033e-01 0.000000000000000000e+00 9.218300051999558931e-02 0.000000000000000000e+00 1.998088181052048440e-01
2.466890999999999945e+00 1.089252523712461285e+00 0.000000000000000000e+00 8.709308414870159387e-02 0.000000000000000000e+00 2.037067757933193612e-01
2.524353000000000069e+00 1.221888956834987994e+00 0.000000000000000000e+00 8.156958316530767139e-02 0.000000000000000000e+00 2.073623696466874999e-01
2.583152000000000115e+00 1.363817694786763290e+00 0.000000000000000000e+00 8.204583960721260893e-02 0.000000000000000000e+00 2.107709920562399475e-01
2.643321999999999949e+00 1.515042209115862626e+00 0.000000000000000000e+00 8.034950715332284110e-02 0.000000000000000000e+00 2.139511886216819148e-01
2.704893000000000214e+00 1.675508040608405080e+00 0.000000000000000000e+00 7.792982413443197420e-02 0.000000000000000000e+00 2.169188285916467951e-01
2.767898000000000192e+00 1.845660993597902921e+00 0.000000000000000000e+00 7.576433233049779947e-02 0.000000000000000000e+00 2.197540413653499280e-01
2.832370000000000054e+00 2.025827178137372009e+00 0.000000000000000000e+00 7.314300416722405163e-02 0.000000000000000000e+00 2.225076714147564694e-01
2.898344999999999949e+00 2.216466449858373267e+00 0.000000000000000000e+00 7.147134504644581110e-02 0.000000000000000000e+00 2.252354304780253280e-01
2.965856000000000048e+00 2.418878513945714293e+00 0.000000000000000000e+00 6.897268209516485560e-02 0.000000000000000000e+00 2.280612149405327194e-01
3.034939000000000053e+00 2.633678184317300275e+00 0.000000000000000000e+00 6.649135046378003289e-02 0.000000000000000000e+00 2.310181339532048073e-01
3.105631999999999948e+00 2.860318390360099716e+00 0.000000000000000000e+00 6.397094818979512376e-02 0.000000000000000000e+00 2.340371467665705030e-01
3.177972000000000019e+00 3.098140053123153770e+00 0.000000000000000000e+00 6.222372143332316474e-02 0.000000000000000000e+00 2.370598745864596624e-01
3.251996000000000109e+00 3.347047740810167760e+00 0.000000000000000000e+00 6.982883105080596453e-02 0.000000000000000000e+00 2.400849957145754499e-01
3.327745000000000175e+00 3.604774673220170200e+00 0.000000000000000000e+00 8.271795104282735067e-02 0.000000000000000000e+00 2.429675675703152904e-01
3.405257999999999896e+00 3.868994283187093153e+00 0.000000000000000000e+00 6.689128243598949086e-02 0.000000000000000000e+00 2.455947887654501560e-01
3.484576999999999813e+00 4.136837286267327940e+00 0.000000000000000000e+00 6.086446477309327696e-02 0.000000000000000000e+00 2.478496886845205638e-01
3.565742999999999885e+00 4.406554346690561452e+00 0.000000000000000000e+00 5.222171281825412764e-02 0.000000000000000000e+00 2.497074217773139204e-01
3.648800000000000043e+00 4.676965770069446471e+00 0.000000000000000000e+00 4.877852171706198448e-02 0.000000000000000000e+00 2.511823676170176212e-01
3.733791000000000082e+00 4.946968570515790198e+00 0.000000000000000000e+00 4.642115468057451955e-02 0.000000000000000000e+00 2.522928658345121034e-01
3.820762000000000214e+00 5.216529376825599584e+00 0.000000000000000000e+00 4.431690506361972426e-02 0.000000000000000000e+00 2.531078935873625757e-01
3.909759000000000206e+00 5.486710062614583272e+00 0.000000000000000000e+00 4.225123975960664441e-02 0.000000000000000000e+00 2.537358681359421220e-01
4.000829000000000413e+00 5.759300479415227159e+00 0.000000000000000000e+00 3.995548348464122296e-02 0.000000000000000000e+00 2.542988251817486223e-01
4.094020999999999688e+00 6.038152147525551960e+00 0.000000000000000000e+00 3.796357687721296087e-02 0.000000000000000000e+00 2.549850721279498522e-01
4.189383000000000301e+00 6.327645880006439683e+00 0.000000000000000000e+00 3.649314492074724053e-02 0.000000000000000000e+00 2.559727098505539256e-01
4.286965999999999610e+00 6.631143244638941781e+00 0.000000000000000000e+00 3.462926989512536691e-02 0.000000000000000000e+00 2.573710933847600524e-01
4.386822000000000443e+00 6.951206971417951408e+00 0.000000000000000000e+00 3.225666556323098649e-02 0.000000000000000000e+00 2.592422518193774894e-01
4.489004000000000438e+00 7.289532494557918518e+00 0.000000000000000000e+00 3.078041658106983602e-02 0.000000000000000000e+00 2.616073758747876621e-01
4.593567000000000178e+00 7.647678392428979066e+00 0.000000000000000000e+00 3.020966917743420424e-02 0.000000000000000000e+00 2.644796466088471520e-01
4.700563999999999965e+00 8.026392448899517973e+00 0.000000000000000000e+00 3.020990948693604711e-02 0.000000000000000000e+00 2.678433315673598436e-01
4.810055000000000192e+00 8.424310871548200907e+00 0.000000000000000000e+00 3.054568893334597135e-02 0.000000000000000000e+00 2.716169134607047675e-01
4.922094999999999665e+00 8.836877815869140562e+00 0.000000000000000000e+00 3.090609464309866661e-02 0.000000000000000000e+00 2.756302572297074094e-01
5.036745999999999945e+00 9.259747961316950438e+00 0.000000000000000000e+00 3.116098047370659263e-02 0.000000000000000000e+00 2.797413551013097632e-01
5.154066000000000258e+00 9.689687937750532498e+00 0.000000000000000000e+00 3.209849172334425238e-02 0.000000000000000000e+00 2.838582727793041993e-01
5.274119999999999919e+00 1.012047204914594190e+01 0.000000000000000000e+00 3.342406077749986854e-02 0.000000000000000000e+00 2.878148578980049277e-01
5.396969999999999601e+00 1.054819096589388927e+01 0.000000000000000000e+00 3.504694170097195915e-02 0.000000000000000000e+00 2.915276919300200942e-01
5.522681999999999647e+00 1.097022779220087862e+01 0.000000000000000000e+00 3.692753881850464881e-02 0.000000000000000000e+00 2.949568757609247194e-01
5.651322000000000401e+00 1.138346025877524781e+01 0.000000000000000000e+00 3.901126761410265986e-02 0.000000000000000000e+00 2.980529630258224594e-01
5.782957999999999821e+00 1.178506972040295686e+01 0.000000000000000000e+00 4.127984153265139289e-02 0.000000000000000000e+00 3.007786147843817259e-01
5.917659999999999698e+00 1.217434499100461842e+01 0.000000000000000000e+00 4.382690577549822747e-02 0.000000000000000000e+00 3.031518153437223195e-01
6.055500000000000327e+00 1.255135272004062053e+01 0.000000000000000000e+00 8.181854792727445702e-02 0.000000000000000000e+00 3.052068561985699646e-01
6.196551000000000364e+00 1.291520009272824510e+01 0.000000000000000000e+00 2.507073789721427914e-01 0.000000000000000000e+00 3.069511838453460317e-01
6.340887000000000384e+00 1.326480969445666069e+01 0.000000000000000000e+00 1.287111706495828178e-01 0.000000000000000000e+00 3.083863908496636830e-01
6.488584999999999603e+00 1.359945254521052505e+01 0.000000000000000000e+00 5.358389458557023116e-02 0.000000000000000000e+00 3.095209421255582516e-01
6.639724000000000181e+00 1.391682210004810116e+01 0.000000000000000000e+00 5.547521870539395134e-02 0.000000000000000000e+00 3.103265015568922314e-01
6.794382999999999839e+00 1.421326586465511710e+01 0.000000000000000000e+00 5.747619028802852109e-02 0.000000000000000000e+00 3.107465909702438744e-01
6.952644000000000268e+00 1.448617345372729126e+01 0.000000000000000000e+00 5.958569782304801166e-02 0.000000000000000000e+00 3.107503523732803585e-01
7.114592000000000027e+00 1.473751247616472959e+01 0.000000000000000000e+00 6.441874827883367627e-02 0.000000000000000000e+00 3.104044914598048654e-01
7.280312000000000339e+00 1.497121510146194368e+01 0.000000000000000000e+00 1.270056480923205666e-01 0.000000000000000000e+00 3.098105462007481048e-01
7.449893000000000320e+00 1.519063967571768003e+01 0.000000000000000000e+00 1.843880293458406150e-01 0.000000000000000000e+00 3.090505244741695301e-01
7.623422999999999838e+00 1.540387449274484055e+01 0.000000000000000000e+00 2.335164585463627707e-01 0.000000000000000000e+00 3.082949829419259768e-01
7.800995000000000346e+00 1.562378385748527343e+01 0.000000000000000000e+00 2.167666678551467274e-01 0.000000000000000000e+00 3.077972795926134930e-01
7.982704000000000022e+00 1.585727786283773710e+01 0.000000000000000000e+00 1.927219223852216501e-01 0.000000000000000000e+00 3.076796976147991858e-01
8.168644999999999712e+00 1.610745921161606375e+01 0.000000000000000000e+00 1.433162682689013701e-01 0.000000000000000000e+00 3.079848756303761315e-01
8.358916999999999931e+00 1.637857329966411513e+01 0.000000000000000000e+00 8.669089708234327396e-02 0.000000000000000000e+00 3.087751267781328468e-01
8.553620999999999697e+00 1.667618177345227792e+01 0.000000000000000000e+00 8.928394704153007344e-02 0.000000000000000000e+00 3.101344862756753584e-01
8.752860999999999336e+00 1.700045582011868106e+01 0.000000000000000000e+00 9.316125401406295803e-02 0.000000000000000000e+00 3.120443992203640327e-01
8.956740999999999175e+00 1.734635058191865298e+01 0.000000000000000000e+00 8.993343503351140800e-02 0.000000000000000000e+00 3.143935901769443486e-01
9.165369999999999351e+00 1.770446758645118734e+01 0.000000000000000000e+00 8.786275814320569644e-02 0.000000000000000000e+00 3.169990630865363035e-01
9.378859000000000279e+00 1.806201036570627139e+01 0.000000000000000000e+00 8.815029862913181802e-02 0.000000000000000000e+00 3.196268639353407326e-01
9.597321000000000879e+00 1.840364275096541746e+01 0.000000000000000000e+00 8.999443729993746033e-02 0.000000000000000000e+00 3.220094281685926818e-01
9.820871000000000350e+00 1.871909507200335554e+01 0.000000000000000000e+00 9.167578699804342091e-02 0.000000000000000000e+00 3.239783778466344133e-01
1.004963000000000051e+01 1.900470906594717846e+01 0.000000000000000000e+00 9.257305228148117460e-02 0.000000000000000000e+00 3.254850571981325880e-01
1.028370999999999924e+01 1.925374770249021950e+01 0.000000000000000000e+00 9.413296300051071652e-02 0.000000000000000000e+00 3.264297706051028092e-01
1.052325000000000088e+01 1.946347591413832134e+01 0.000000000000000000e+00 9.574305074657760151e-02 0.000000000000000000e+00 3.267830321212817357e-01
1.076837000000000089e+01 1.963163541784763311e+01 0.000000000000000000e+00 9.739110503054443368e-02 0.000000000000000000e+00 3.265234128447295214e-01
1.101919999999999966e+01 1.975797569070230253e+01 0.000000000000000000e+00 1.331641078528975897e-01 0.000000000000000000e+00 3.256623654567014081e-01
1.127586999999999939e+01 1.983853041819698504e+01 0.000000000000000000e+00 3.296045351097983689e-01 0.000000000000000000e+00 3.241492539102151516e-01
1.153852000000000011e+01 1.987993192238645790e+01 0.000000000000000000e+00 1.953667213172113337e-01 0.000000000000000000e+00 3.221059432525141819e-01
1.180728000000000044e+01 1.992899837798078266e+01 0.000000000000000000e+00 9.953933736732023529e-02 0.000000000000000000e+00 3.202952728661765947e-01
1.208230999999999966e+01 2.001362402548817343e+01 0.000000000000000000e+00 9.912909181311366225e-02 0.000000000000000000e+00 3.191538332712079429e-01
1.236373999999999995e+01 2.016619038212428450e+01 0.000000000000000000e+00 9.870609614929048981e-02 0.000000000000000000e+00 3.191764648207405797e-01
1.265173000000000059e+01 2.040188087994761901e+01 0.000000000000000000e+00 9.867163499777811819e-02 0.000000000000000000e+00 3.205743583124149310e-01
1.294642999999999944e+01 2.070775767045803661e+01 0.000000000000000000e+00 9.844175076565835070e-02 0.000000000000000000e+00 3.231155099094287220e-01
1.324798999999999971e+01 2.108801385228659342e+01 0.000000000000000000e+00 9.797751005276922331e-02 0.000000000000000000e+00 3.268413356070813958e-01
1.355658000000000030e+01 2.160612108735204373e+01 0.000000000000000000e+00 9.724513549480784391e-02 0.000000000000000000e+00 3.327063297624550109e-01
1.387235000000000085e+01 2.233647210380116732e+01 0.000000000000000000e+00 9.623036107098788261e-02 0.000000000000000000e+00 3.418096484848226480e-01
1.419547999999999988e+01 2.338146368163889832e+01 0.000000000000000000e+00 9.495627731444528097e-02 0.000000000000000000e+00 3.556523648237448487e-01
1.452613000000000021e+01 2.471765063689066366e+01 0.000000000000000000e+00 9.343378870061810892e-02 0.000000000000000000e+00 3.738011719283874101e-01
1.486448999999999998e+01 2.617488156630674823e+01 0.000000000000000000e+00 9.167484006181564338e-02 0.000000000000000000e+00 3.936310845674793057e-01
1.521072999999999986e+01 2.753604212243572036e+01 0.000000000000000000e+00 8.972885346978969057e-02 0.000000000000000000e+00 4.118753135989419167e-01
1.556503000000000014e+01 2.863654890432736622e+01 0.000000000000000000e+00 8.773535865110577980e-02 0.000000000000000000e+00 4.261178056360803157e-01
1.592759000000000036e+01 2.944649107760385576e+01 0.000000000000000000e+00 8.660859866850353916e-02 0.000000000000000000e+00 4.359828309309340955e-01
1.629859000000000080e+01 2.998146102073965125e+01 0.000000000000000000e+00 8.558753869028302985e-02 0.000000000000000000e+00 4.417683009131229688e-01
1.667822999999999922e+01 3.021875936311798583e+01 0.000000000000000000e+00 8.455330865260184126e-02 0.000000000000000000e+00 4.432007819950099514e-01
1.706672000000000011e+01 3.009360028351377991e+01 0.000000000000000000e+00 8.361580487043561438e-02 0.000000000000000000e+00 4.393934739542490475e-01
1.746424999999999983e+01 2.955018189898886405e+01 0.000000000000000000e+00 8.283818607808460244e-02 0.000000000000000000e+00 4.296016519621421170e-01
1.787105000000000032e+01 2.859354892234385659e+01 0.000000000000000000e+00 8.226824071388923187e-02 0.000000000000000000e+00 4.139695183457887673e-01
1.828732000000000113e+01 2.722577996529217614e+01 0.000000000000000000e+00 8.195819212054075709e-02 0.000000000000000000e+00 3.925914684999360915e-01
1.871328000000000102e+01 2.562202684767299132e+01 0.000000000000000000e+00 8.191767983680044163e-02 0.000000000000000000e+00 3.680421419775685710e-01
1.914917000000000158e+01 2.404199951019155179e+01 0.000000000000000000e+00 8.238655017352795873e-02 0.000000000000000000e+00 3.440639755731426108e-01
1.959521000000000157e+01 2.278891660109512785e+01 0.000000000000000000e+00 8.358867908922829049e-02 0.000000000000000000e+00 3.249642909267684843e-01
2.005164999999999864e+01 2.209950007700305719e+01 0.000000000000000000e+00 8.503893812250648554e-02 0.000000000000000000e+00 3.140468232613914945e-01
2.051870999999999867e+01 2.220054264327395899e+01 0.000000000000000000e+00 8.692709963527059380e-02 0.000000000000000000e+00 3.144344545776814881e-01
2.099664999999999893e+01 2.309423908561820937e+01 0.000000000000000000e+00 8.921293578076457120e-02 0.000000000000000000e+00 3.260448780191265161e-01
2.148573000000000022e+01 2.473031722875013827e+01 0.000000000000000000e+00 9.195601689655534539e-02 0.000000000000000000e+00 3.480657467911449365e-01
2.198619000000000057e+01 2.708479491669887906e+01 0.000000000000000000e+00 9.519673963393029958e-02 0.000000000000000000e+00 3.800702433796047663e-01
2.249831999999999965e+01 3.005542986925759763e+01 0.000000000000000000e+00 9.936652957207761649e-02 0.000000000000000000e+00 4.205474906723703499e-01
2.302236999999999867e+01 3.342524109895288831e+01 0.000000000000000000e+00 1.037754280826337916e-01 0.000000000000000000e+00 4.664077826927299220e-01
2.355863000000000085e+01 3.694327630085622616e+01 0.000000000000000000e+00 1.081672425767018220e-01 0.000000000000000000e+00 5.141259073623388742e-01
2.410737999999999914e+01 4.042197938680976677e+01 0.000000000000000000e+00 1.123874831217565456e-01 0.000000000000000000e+00 5.610952735421157467e-01
2.466891000000000034e+01 4.374001919132424376e+01 0.000000000000000000e+00 1.163955928125725431e-01 0.000000000000000000e+00 6.056525308009684805e-01
2.524352999999999980e+01 4.679432043507996042e+01 0.000000000000000000e+00 1.201532867797262538e-01 0.000000000000000000e+00 6.464014882025262976e-01
2.583152000000000115e+01 4.954243770965191374e+01 0.000000000000000000e+00 1.239256180177075312e-01 0.000000000000000000e+00 6.827927338108088495e-01
2.643321999999999861e+01 5.196352995663378493e+01 0.000000000000000000e+00 1.286862391522474725e-01 0.000000000000000000e+00 7.145765973448414687e-01
2.704892999999999859e+01 5.404731451787419161e+01 0.000000000000000000e+00 1.333722813011621322e-01 0.000000000000000000e+00 7.416480762098198731e-01
2.767897999999999925e+01 5.578943904047285685e+01 0.000000000000000000e+00 1.378419493178358046e-01 0.000000000000000000e+00 7.639819095094246837e-01
2.832369999999999877e+01 5.717402158075326923e+01 0.000000000000000000e+00 1.421250889561887498e-01 0.000000000000000000e+00 7.813932119337386739e-01
2.898345000000000127e+01 5.818814682579166941e+01 0.000000000000000000e+00 1.462577373416416859e-01 0.000000000000000000e+00 7.937368368911947858e-01
2.965856000000000137e+01 5.878762486797683806e+01 0.000000000000000000e+00 1.501061331234928298e-01 0.000000000000000000e+00 8.004407809764394477e-01
