	V-FORS
Wavelength (nm)	%T
1500	85.14582062
1498	84.84659576
1496	83.9454422
1494	82.38260651
1492	80.31614685
1490	77.93000031
1488	75.20632935
1486	72.15299988
1484	69.06266785
1482	66.07555389
1480	62.95996475
1478	60.03909302
1476	57.22245026
1474	54.63136292
1472	52.24343491
1470	49.9526825
1468	47.90003967
1466	46.05545807
1464	44.36426544
1462	42.91498184
1460	41.66532898
1458	40.63182831
1456	39.76731491
1454	39.06716537
1452	38.5803299
1450	38.24334717
1448	38.10855484
1446	38.14801788
1444	38.38237381
1442	38.83293533
1440	39.46205521
1438	40.31904221
1436	41.45688629
1434	42.81906891
1432	44.447258
1430	46.40145111
1428	48.61299515
1426	51.23509216
1424	54.13506699
1422	57.38734055
1420	60.90882874
1418	64.78942871
1416	68.74472809
1414	72.90367889
1412	76.63879395
1410	79.905159
1408	82.45231628
1406	83.83166504
1404	83.87177277
1402	82.66444397
1400	79.83139038
1398	76.11293793
1396	71.84764862
1394	66.69001007
1392	61.72270203
1390	56.89042664
1388	52.26302338
1386	48.0943985
1384	44.26350403
1382	40.64919281
1380	37.53752899
1378	34.89413452
1376	32.56639481
1374	30.61376572
1372	29.02736664
1370	27.61525154
1368	26.56432915
1366	25.70393372
1364	25.08076668
1362	24.76478004
1360	24.56497192
1358	24.67775917
1356	25.01252937
1354	25.652174
1352	26.53670311
1350	27.79262924
1348	29.42512131
1346	31.50794792
1344	34.13125229
1342	37.37172318
1340	41.33596039
1338	46.16455841
1336	51.61445236
1334	57.58610916
1332	63.83140564
1330	69.23361206
1328	72.41505432
1326	72.33885193
1324	68.90828705
1322	62.66629791
1320	54.94403076
1318	47.09540176
1316	40.01039124
1314	33.95640945
1312	29.04515839
1310	25.06720352
1308	21.94300652
1306	19.47363853
1304	17.56951141
1302	16.14670372
1300	15.12147617
1298	14.44487
1296	14.09124851
1294	14.08737564
1292	14.48989201
1290	15.40969944
1288	17.09161186
1286	19.83994102
1284	24.46977997
1282	32.10145569
1280	44.14286804
1278	57.74145126
1276	58.0520401
1274	39.76269913
1272	21.48149109
1270	11.7471056
1268	6.662273407
1266	4.011335373
1264	2.557645082
1262	1.694979191
1260	1.169291258
1258	0.828546763
1256	0.602594316
1254	0.447015792
1252	0.340493292
1250	0.259911954
1248	0.204989225
1246	0.156316623
1244	0.132819608
1242	0.10161148
1240	0.082027659
1238	0.068192706
1236	0.062937699
1234	0.05012529
1232	0.042497583
1230	0.035460964
1228	0.030782994
1226	0.026809001
1224	0.023031868
1222	0.027430585
1220	0.022078222
1218	0.020889621
1216	0.022716068
1214	0.010223798
1212	0.01779544
1210	0.016822107
1208	0.014618049
1206	0.012499016
1204	0.015208153
1202	0.012328278
1200	0.01141498
1198	0.011541872
1196	0.01233568
1194	0.009654281
1192	0.012440822
1190	0.011953451
1188	0.01168112
1186	0.010424552
1184	0.00805391
1182	0.007349281
1180	0.01233076
1178	0.010585977
1176	0.010161691
1174	0.012737608
1172	0.009237584
1170	0.019596288
1168	0.004692459
1166	0.007929273
1164	0.006961339
1162	0.007535271
1160	0.011376841
1158	0.010618483
1156	0.01063831
1154	0.007545579
1152	0.009652697
1150	0.010047806
1148	0.009496655
1146	0.011983905
1144	0.007331522
1142	0.004071328
1140	0.012394946
1138	0.009097258
1136	0.009709666
1134	0.007125464
1132	0.008260131
1130	0.01129186
1128	0.015452039
1126	0.01161844
1124	0.007394291
1122	0.008889797
1120	0.010693244
1118	0.018733136
1116	0.00412881
1114	0.005879832
1112	0.0168065
1110	0.003947502
1108	0.007990456
1106	0.012791159
1104	0.01105208
1102	0.007647752
1100	0.008514022
1098	0.012675405
1096	0.002353404
1094	0.013230925
1092	0.010100793
1090	0.010097955
1088	0.011427918
1086	0.010667792
1084	0.009725768
1082	0.011630311
1080	0.005203908
1078	0.009450159
1076	0.014206559
1074	0.009310446
1072	0.006823269
1070	0.010505767
1068	0.007993395
1066	0.003581313
1064	0.009546262
1062	0.008897605
1060	0.005430351
1058	0.008366221
1056	0.006871413
1054	0.011832828
1052	0.006471933
1050	0.007882135
1048	0.011392022
1046	0.007900748
1044	0.007808888
1042	0.009331288
1040	0.009413161
1038	0.012485525
1036	0.001673278
1034	0.008663772
1032	0.008035885
1030	0.00649629
1028	0.014209599
1026	0.008698022
1024	0.011466275
1022	0.008488109
1020	0.009237234
1018	0.009658795
1016	0.007765177
1014	0.00768707
1012	0.009839594
1010	0.007968836
1008	0.006179863
1006	0.007931352
1004	0.005831609
1002	0.009209485
1000	0.006988659
998	0.007167209
996	0.014074624
994	0.010787723
992	0.00740838
990	0.012908664
988	0.006926779
986	0.007646747
984	0.009434284
982	0.008687674
980	0.004072839
978	0.011584396
976	0.00856026
974	0.007925426
972	0.00876415
970	0.010327234
968	0.008309182
966	0.00808314
964	0.003127708
962	0.009354645
960	0.010151651
958	0.011570728
956	0.008140426
954	0.017619129
952	0.003669097
950	0.008585827
948	0.009124732
946	0.010039015
944	0.008023076
942	0.018672818
940	0.008069506
938	0.007684565
936	0.008281946
934	0.010758761
932	0.010272646
930	0.010293042
928	0.013199875
926	0.009089893
924	0.013652617
922	0.007483359
920	0.013048413
918	0.011908307
916	0.009838598
914	0.011329378
912	0.0104522
910	0.018550325
908	0.011197729
906	0.027041681
904	0.01809541
902	0.010910744
900	0.01042745
898	0.008916784
896	0.01272089
894	0.008616024
892	0.00796605
890	0.0130915
888	0.009826945
886	0.007475963
884	0.009700109
882	0.007597647
880	0.00832102
878	0.014202243
876	0.010035315
874	0.009800433
872	0.007422619
870	0.007634415
868	0.00887977
866	0.009821802
864	0.012430999
862	0.008242739
860	0.012070645
858	0.014286471
856	0.014224136
854	0.009697882
852	0.014079011
850	0.010900106
848	0.007784341
846	0.007993001
844	0.011032987
842	0.007814059
840	0.009200129
838	0.011903785
836	0.005198757
834	0.010558726
832	0.008672972
830	0.011161068
828	-4.83E-05
826	-0.001039414
824	0.002088151
822	-0.000162746
820	-0.000129167
818	-0.000184834
816	0.00039632
814	9.99E-05
812	-5.97E-05
810	-0.000514012
808	1.55E-05
806	0.000280375
804	-0.000451903
802	0.000889132
800	0.001492837
798	-3.76E-05
796	-4.84E-05
794	0.000692661
792	-0.000110625
790	0.000423691
788	0.000823848
786	-0.000711135
784	0.000488359
782	0.000486249
780	0.00175588
778	0.002155392
776	0.005087224
774	0.003690487
772	0.003280715
770	0.001753084
768	0.000488037
766	0.000349187
764	0.001817344
762	0.00115185
760	0.001017953
758	0.001218631
756	0.001082339
754	0.002409731
752	0.001878096
750	0.001876998
748	0.001214444
746	0.001012987
744	0.001146756
742	0.00114604
740	0.001012078
738	0.000880668
736	0.002198842
734	0.000677603
732	0.000481619
730	0.001338166
728	0.000347505
726	0.000744644
724	0.000872893
722	-4.36E-05
720	0.001464295
718	0.000150281
716	0.001791326
714	0.000936671
712	0.001396538
710	0.000478657
708	0.000484067
706	0.000543638
704	0.001068923
702	0.00132628
700	0.001522582
698	0.000738984
696	0.001065693
694	0.001715134
692	0.00190891
690	0.000803962
688	0.0008035
686	0.00145302
684	0.001840504
682	0.002682172
680	0.003204274
678	0.00306675
676	0.002614005
674	0.003131565
672	0.004219668
670	0.005190766
668	0.005580847
666	0.005699672
664	0.007255551
662	0.008717036
660	0.010804665
658	0.012867026
656	0.016489558
654	0.020968147
652	0.028495878
650	0.039146338
648	0.055934563
646	0.07725697
644	0.108455747
642	0.154237911
640	0.221237406
638	0.319339246
636	0.464324325
634	0.695483863
632	1.076113343
630	1.742112875
628	2.93792057
626	5.173256397
624	9.51820755
622	17.57900429
620	30.85845757
618	48.2254982
616	63.61830902
614	74.13074493
612	80.8553009
610	85.24187469
608	88.17643738
606	89.98878479
604	91.07466125
602	91.71705627
600	92.0353775
598	92.01303864
596	91.74438477
594	91.29262543
592	91.14904785
590	91.33460999
588	91.91909027
586	92.7179718
584	93.38876343
582	93.89733887
580	94.18973541
578	94.39405823
576	94.54052734
574	94.57820129
572	94.33678436
570	93.81565857
568	93.01338196
566	92.08008575
564	91.39683533
562	91.00648499
560	90.96147919
558	91.08210754
556	91.28769684
554	91.52962494
552	91.79737091
550	92.10253906
548	92.54769897
546	92.88277435
544	93.06822968
542	92.90242004
540	92.46118164
538	91.9588089
536	91.81179047
534	91.97884369
532	92.39395142
530	92.54650879
528	92.19618225
526	91.40631866
524	90.4961319
522	89.82684326
520	89.30182648
518	88.72364807
516	87.95514679
514	87.30038452
512	86.85923004
510	86.5668335
508	85.50502014
506	83.0195694
504	79.36814117
502	75.22836304
500	70.66152191
498	64.66642761
496	56.62495041
494	46.47592545
492	35.44393158
490	24.28658867
488	14.38047123
486	7.149118423
484	3.042060137
482	1.114785194
480	0.361824006
478	0.107653663
476	0.032251105
474	0.010355011
472	0.00398096
470	0.002404992
468	0.000701363
466	0.001205377
464	0.001834972
462	0.000889555
460	0.000195055
458	0.000446576
456	0.000511608
454	0.000576053
452	0.001141244
450	0.001391973
448	0.000446651
446	0.001330212
444	0.001769635
442	0.000698471
440	0.000635733
438	0.000634787
436	0.001073492
434	0.001262218
432	0.001578196
430	0.000944755
428	0.001577398
426	0.000436308
424	0.001071396
422	0.001322242
420	0.000113908
418	0.000942115
416	0.000817011
414	0.000938779
412	0.001192313
410	0.000558511
408	-7.82E-05
406	-0.000210356
404	0.000554341
402	0.000485387
400	0.000170534
398	0.000427264
396	0.000109227
394	0.00118595
392	0.000299764
390	0.000237681
388	-0.000395509
386	-0.000765751
384	0.000121873
382	-0.000382957
380	-0.000255533
378	0.000183894
376	-0.000633089
374	0.000237788
372	0.000637267
370	-0.000449781
368	0.001547464
366	-0.000291215
364	-0.000312598
362	0.00060227
360	0.000813873
358	0.000766968
356	-0.000192714
354	0.000656119
352	-0.000217948
350	0.001499176
348	-0.000119107
346	-0.000271282
344	-0.000773682
342	-0.000140604
340	-0.000921985
338	-0.000904424
336	0.000938598
334	-0.001533074
332	-0.001786704
330	0.000327314
328	-0.001400126
326	0.000879252
324	-0.006119586
322	-0.006678559
320	-0.002675415
318	-0.003004248
316	-0.003718191
314	-0.004148252
312	-0.003796589
310	-0.005634533
308	-0.011265712
306	-0.011960627
304	-0.006736542
302	-0.008259102
300	0.000904792
