         1        3.958101E-05        3.950456E-05        2.077961E-06         1        1.246378E+00
         1        1.687871E-04        1.695339E-04        8.439357E-06         1        1.720068E+00
         1        4.741016E-03        4.448336E-03        2.370508E-04         1        4.000625E+00
         1        1.046743E-02        1.217508E-02        9.737268E-04         1        8.298263E+00
         1        4.346706E-06        4.303446E-06        2.173353E-07         1        1.799687E-01
         1        4.977661E-06        5.088938E-06        2.488831E-07         1        2.413620E-01
         1        6.197796E-06        6.199847E-06        3.098898E-07         1        2.945202E-01
         1        6.924173E-06        6.721931E-06        4.246979E-07         1        3.460354E-01
         1        0.000000E+00        4.865599E-06        0.000000E+00         0        2.325059E-01
         1        0.000000E+00        4.264329E-06        0.000000E+00         0        1.751573E-01
         1        1.091576E-05        1.137707E-05        1.488966E-06         1        4.651756E-01
         1        0.000000E+00        1.452483E-05        0.000000E+00         0        6.205809E-01
         1        0.000000E+00        1.739436E-05        0.000000E+00         0        8.149094E-01
         1        0.000000E+00        4.657727E-05        0.000000E+00         0        1.344399E+00
         1        0.000000E+00        1.461765E-04        0.000000E+00         0        1.701262E+00
         2        4.578117E-05        4.809607E-05        2.445629E-06         1        7.888053E-01
         2        8.616668E-05        8.998320E-05        4.308334E-06         1        1.088593E+00
         2        2.791717E-03        2.939799E-03        1.517047E-04         1        2.531908E+00
         2        1.192999E-02        1.058348E-02        9.229859E-04         1        5.251788E+00
         2        8.545661E-06        8.464828E-06        4.272831E-07         1        1.138983E-01
         2        9.236519E-06        9.142302E-06        4.618260E-07         1        1.527527E-01
         2        8.575055E-06        8.660646E-06        4.287527E-07         1        1.863954E-01
         2        8.574730E-06        8.533725E-06        4.287365E-07         1        2.189982E-01
         2        8.995519E-06        9.225310E-06        6.445870E-07         1        1.471479E-01
         2        0.000000E+00        8.374041E-06        0.000000E+00         0        1.108532E-01
         2        0.000000E+00        1.085465E-05        0.000000E+00         0        2.943994E-01
         2        0.000000E+00        1.252852E-05        0.000000E+00         0        3.927520E-01
         2        0.000000E+00        2.336551E-05        0.000000E+00         0        5.157382E-01
         2        5.286190E-05        5.199850E-05        2.643095E-06         1        8.508403E-01
         2        9.205859E-05        8.389605E-05        4.602929E-06         1        1.076691E+00
         3        2.888596E-05        3.409075E-05        2.367841E-06         1        1.062071E+00
         3        5.367096E-05        5.368622E-05        3.905190E-06         1        1.465715E+00
         3        2.555473E-03        2.537219E-03        1.277737E-04         1        3.409036E+00
         3        1.109277E-02        1.126161E-02        7.151774E-04         1        7.071166E+00
         3        2.687875E-06        2.942741E-06        1.343938E-07         1        1.533560E-01
         3        3.984100E-06        4.051120E-06        1.992050E-07         1        2.056708E-01
         3        5.799076E-06        5.593455E-06        2.899538E-07         1        2.509683E-01
         3        7.962280E-06        7.134047E-06        3.981140E-07         1        2.948657E-01
         3        4.142154E-06        3.888831E-06        6.336823E-07         1        1.981243E-01
         3        0.000000E+00        2.825716E-06        0.000000E+00         0        1.492561E-01
         3        8.039961E-06        8.918324E-06        1.603199E-06         1        3.963882E-01
         3        0.000000E+00        1.316448E-05        0.000000E+00         0        5.288131E-01
         3        0.000000E+00        1.988272E-05        0.000000E+00         0        6.944054E-01
         3        3.719998E-05        3.577151E-05        1.935828E-06         1        1.145597E+00
         3        5.225700E-05        4.994030E-05        2.612850E-06         1        1.449689E+00
         4        2.147271E-05        2.212938E-05        2.116149E-06         1        7.985649E-01
         4        3.001507E-05        3.399140E-05        4.174380E-06         1        1.102062E+00
         4        2.086755E-03        2.091448E-03        1.133963E-04         1        2.563234E+00
         4        1.103164E-02        1.100036E-02        7.417177E-04         1        5.316767E+00
         4        7.122493E-06        6.758473E-06        3.561247E-07         1        1.153075E-01
         4        7.416006E-06        6.411604E-06        3.708003E-07         1        1.546426E-01
         4        5.347349E-06        5.891241E-06        2.673674E-07         1        1.887016E-01
         4        5.153915E-06        5.713975E-06        2.576958E-07         1        2.217078E-01
         4        6.899637E-06        6.511720E-06        3.449819E-07         1        1.489685E-01
         4        0.000000E+00        6.818991E-06        0.000000E+00         0        1.122247E-01
         4        7.880141E-06        6.881251E-06        1.085053E-06         1        2.980419E-01
         4        0.000000E+00        7.201918E-06        0.000000E+00         0        3.976114E-01
         4        0.000000E+00        1.165495E-05        0.000000E+00         0        5.221193E-01
         4        2.261011E-05        2.349002E-05        1.892964E-06         1        8.613674E-01
         4        3.402081E-05        3.254289E-05        1.701041E-06         1        1.090013E+00
         5        3.517927E-05        3.458422E-05        2.203289E-06         1        6.734215E-01
         5        6.253734E-05        6.411481E-05        3.859134E-06         1        9.293577E-01
         5        3.232000E-03        3.117778E-03        1.616000E-04         1        2.161549E+00
         5        1.089031E-02        1.159497E-02        8.425488E-04         1        4.483575E+00
         5        1.040268E-06        1.306260E-06        8.198538E-08         1        9.723760E-02
         5        5.521314E-06        4.321182E-06        2.760657E-07         1        1.304085E-01
         5        5.220743E-06        5.582908E-06        2.749993E-07         1        1.591301E-01
         5        4.629662E-06        6.101344E-06        3.387568E-07         1        1.869639E-01
         5        5.707241E-06        3.871715E-06        2.853621E-07         1        1.256236E-01
         5        0.000000E+00        1.109558E-06        0.000000E+00         0        9.463797E-02
         5        0.000000E+00        7.812646E-06        0.000000E+00         0        2.513357E-01
         5        9.212552E-06        1.025954E-05        1.985507E-06         1        3.353016E-01
         5        2.675432E-05        2.032763E-05        5.384198E-06         1        4.402978E-01
         5        0.000000E+00        3.619750E-05        0.000000E+00         0        7.263823E-01
         5        0.000000E+00        5.872598E-05        0.000000E+00         0        9.191964E-01
