         1        3.958101E-05        3.806590E-05        2.077961E-06         1        1.246378E+00
         1        1.687871E-04        1.639905E-04        8.439357E-06         1        1.720068E+00
         1        4.741016E-03        4.582190E-03        2.370508E-04         1        4.000625E+00
         1        1.046743E-02        1.258336E-02        9.737268E-04         1        8.298263E+00
         1        4.346706E-06        3.519159E-06        2.173353E-07         1        1.799687E-01
         1        4.977661E-06        4.837675E-06        2.488831E-07         1        2.413620E-01
         1        6.197796E-06        5.765099E-06        3.098898E-07         1        2.945202E-01
         1        6.924173E-06        8.123857E-06        4.246979E-07         1        3.460354E-01
         1        0.000000E+00        4.678976E-06        0.000000E+00         0        2.325059E-01
         1        0.000000E+00        3.398844E-06        0.000000E+00         0        1.751573E-01
         1        1.091576E-05        1.766714E-05        1.488966E-06         1        4.651756E-01
         1        0.000000E+00        1.995740E-05        0.000000E+00         0        6.205809E-01
         1        0.000000E+00        2.258090E-05        0.000000E+00         0        8.149094E-01
         1        0.000000E+00        4.418210E-05        0.000000E+00         0        1.344399E+00
         1        0.000000E+00        1.405338E-04        0.000000E+00         0        1.701262E+00
         2        4.578117E-05        5.595699E-05        2.445629E-06         1        7.888053E-01
         2        8.616668E-05        9.107090E-05        4.308334E-06         1        1.088593E+00
         2        2.791717E-03        2.920853E-03        1.517047E-04         1        2.531908E+00
         2        1.192999E-02        9.699364E-03        9.229859E-04         1        5.251788E+00
         2        8.545661E-06        4.675579E-06        4.272831E-07         1        1.138983E-01
         2        9.236519E-06        6.750026E-06        4.618260E-07         1        1.527527E-01
         2        8.575055E-06        8.515802E-06        4.287527E-07         1        1.863954E-01
         2        8.574730E-06        1.025982E-05        4.287365E-07         1        2.189982E-01
         2        8.995519E-06        6.566750E-06        6.445870E-07         1        1.471479E-01
         2        0.000000E+00        4.337907E-06        0.000000E+00         0        1.108532E-01
         2        0.000000E+00        1.352177E-05        0.000000E+00         0        2.943994E-01
         2        0.000000E+00        2.962272E-05        0.000000E+00         0        3.927520E-01
         2        0.000000E+00        4.381961E-05        0.000000E+00         0        5.157382E-01
         2        5.286190E-05        5.807432E-05        2.643095E-06         1        8.508403E-01
         2        9.205859E-05        8.489454E-05        4.602929E-06         1        1.076691E+00
         3        2.888596E-05        3.385286E-05        2.367841E-06         1        1.062071E+00
         3        5.367096E-05        5.708941E-05        3.905190E-06         1        1.465715E+00
         3        2.555473E-03        2.720020E-03        1.277737E-04         1        3.409036E+00
         3        1.109277E-02        9.523285E-03        7.151774E-04         1        7.071166E+00
         3        2.687875E-06        2.996913E-06        1.343938E-07         1        1.533560E-01
         3        3.984100E-06        4.214115E-06        1.992050E-07         1        2.056708E-01
         3        5.799076E-06        5.183695E-06        2.899538E-07         1        2.509683E-01
         3        7.962280E-06        6.041910E-06        3.981140E-07         1        2.948657E-01
         3        4.142154E-06        4.024447E-06        6.336823E-07         1        1.981243E-01
         3        0.000000E+00        2.927582E-06        0.000000E+00         0        1.492561E-01
         3        8.039961E-06        1.393718E-05        1.603199E-06         1        3.963882E-01
         3        0.000000E+00        2.131611E-05        0.000000E+00         0        5.288131E-01
         3        0.000000E+00        2.569683E-05        0.000000E+00         0        6.944054E-01
         3        3.719998E-05        3.409946E-05        1.935828E-06         1        1.145597E+00
         3        5.225700E-05        5.117377E-05        2.612850E-06         1        1.449689E+00
         4        2.147271E-05        3.228206E-05        2.116149E-06         1        7.985649E-01
         4        3.001507E-05        3.459224E-05        4.174380E-06         1        1.102062E+00
         4        2.086755E-03        2.046825E-03        1.133963E-04         1        2.563234E+00
         4        1.103164E-02        1.132286E-02        7.417177E-04         1        5.316767E+00
         4        7.122493E-06        2.948865E-06        3.561247E-07         1        1.153075E-01
         4        7.416006E-06        4.161949E-06        3.708003E-07         1        1.546426E-01
         4        5.347349E-06        5.284440E-06        2.673674E-07         1        1.887016E-01
         4        5.153915E-06        6.348258E-06        2.576958E-07         1        2.217078E-01
         4        6.899637E-06        4.028903E-06        3.449819E-07         1        1.489685E-01
         4        0.000000E+00        2.745345E-06        0.000000E+00         0        1.122247E-01
         4        7.880141E-06        8.396894E-06        1.085053E-06         1        2.980419E-01
         4        0.000000E+00        1.862830E-05        0.000000E+00         0        3.976114E-01
         4        0.000000E+00        2.655171E-05        0.000000E+00         0        5.221193E-01
         4        2.261011E-05        3.255879E-05        1.892964E-06         1        8.613674E-01
         4        3.402081E-05        3.422989E-05        1.701041E-06         1        1.090013E+00
         5        3.517927E-05        3.822711E-05        2.203289E-06         1        6.734215E-01
         5        6.253734E-05        6.227866E-05        3.859134E-06         1        9.293577E-01
         5        3.232000E-03        3.121206E-03        1.616000E-04         1        2.161549E+00
         5        1.089031E-02        1.166353E-02        8.425488E-04         1        4.483575E+00
         5        1.040268E-06        1.214088E-06        8.198538E-08         1        9.723760E-02
         5        5.521314E-06        4.094220E-06        2.760657E-07         1        1.304085E-01
         5        5.220743E-06        5.259700E-06        2.749993E-07         1        1.591301E-01
         5        4.629662E-06        6.427166E-06        3.387568E-07         1        1.869639E-01
         5        5.707241E-06        3.710908E-06        2.853621E-07         1        1.256236E-01
         5        0.000000E+00        9.822624E-07        0.000000E+00         0        9.463797E-02
         5        0.000000E+00        8.839242E-06        0.000000E+00         0        2.513357E-01
         5        9.212552E-06        1.248967E-05        1.985507E-06         1        3.353016E-01
         5        2.675432E-05        2.686012E-05        5.384198E-06         1        4.402978E-01
         5        0.000000E+00        3.922434E-05        0.000000E+00         0        7.263823E-01
         5        0.000000E+00        5.753972E-05        0.000000E+00         0        9.191964E-01
