3.034939000000000039e-02 0.000000000000000000e+00 2.800110303243100029e-06 1.372788437132447042e-06 2.917391708798978102e-05 3.413363951246776981e-14
3.105631999999999837e-02 0.000000000000000000e+00 2.903705552852001283e-06 1.466707754184562379e-06 3.159463377329076129e-05 2.538622770348646011e-13
3.177971999999999742e-02 0.000000000000000000e+00 2.997817162242536570e-06 1.495763904887936243e-06 3.213229619154009539e-05 1.638765969146035123e-12
3.251996000000000053e-02 0.000000000000000000e+00 3.101594315185078715e-06 1.575282182964345246e-06 3.415438861469657352e-05 9.255198958601067412e-12
3.327745000000000009e-02 0.000000000000000000e+00 3.191848733240951803e-06 1.615093397861984858e-06 3.503886422828197505e-05 4.627147187548211342e-11
3.405257999999999896e-02 0.000000000000000000e+00 3.272016957506078223e-06 1.620923168876988892e-06 3.495033805024320300e-05 2.065570356298636661e-10
3.484576999999999813e-02 0.000000000000000000e+00 3.362517596469221820e-06 1.697385103900652997e-06 3.693358663062165008e-05 8.298141347531074388e-10
3.565742999999999691e-02 0.000000000000000000e+00 3.514772129828571242e-06 2.196082927966910170e-06 5.123490108288006214e-05 3.019296049387038992e-09
3.648799999999999960e-02 0.000000000000000000e+00 3.720983104794999443e-06 3.074561822973696946e-06 7.665369638131612332e-05 1.000165588558438464e-08
3.733791000000000193e-02 0.000000000000000000e+00 3.819639335834014784e-06 3.267253154375474608e-06 8.209514289236332588e-05 3.042887552734472399e-08
3.820761999999999770e-02 0.000000000000000000e+00 3.823693025849836544e-06 2.944898383316711677e-06 7.251915448616713276e-05 8.554271743120597723e-08
3.909759000000000151e-02 0.000000000000000000e+00 3.966143705453516327e-06 3.557014450550967511e-06 9.023409206979406680e-05 2.234366263553670986e-07
4.000829000000000191e-02 0.000000000000000000e+00 4.172225933590265493e-06 4.605160041120234389e-06 1.206888486826685419e-04 5.445844631490905174e-07
4.094020999999999771e-02 0.000000000000000000e+00 4.292948987370953786e-06 5.124029725174048886e-06 1.357324546134592170e-04 1.242703733620201620e-06
4.189382999999999996e-02 0.000000000000000000e+00 4.296857197406677406e-06 4.908449265767995215e-06 1.293853664550262991e-04 2.672468739096310220e-06
4.286965999999999694e-02 0.000000000000000000e+00 4.299594356064217539e-06 4.701087029149148989e-06 1.232773253658761472e-04 5.439460065123441131e-06
4.386821999999999944e-02 0.000000000000000000e+00 4.409607578127539716e-06 5.233205336670955142e-06 1.387640223993952607e-04 1.051892257106014699e-05
4.489003999999999911e-02 0.000000000000000000e+00 4.467265777263058191e-06 5.518198831749626330e-06 1.470696638760393986e-04 1.938235461058611928e-05
4.593566999999999789e-02 0.000000000000000000e+00 4.419247397260377780e-06 5.120154899291825398e-06 1.354825603260092527e-04 3.410171411054754804e-05
4.700564000000000131e-02 0.000000000000000000e+00 4.439364636753451316e-06 5.221713696793027864e-06 1.385041934365524618e-04 5.757386332708042402e-05
4.810054999999999886e-02 0.000000000000000000e+00 4.494552042139978565e-06 5.596900869380232474e-06 1.494983090891356583e-04 9.355505330437346935e-05
4.922094999999999942e-02 0.000000000000000000e+00 4.471289407335888458e-06 5.366160150741952625e-06 1.428152228487207531e-04 1.467117958598514627e-04
5.036746000000000278e-02 0.000000000000000000e+00 4.533661522540337003e-06 5.999346168927607876e-06 1.614076302923824629e-04 2.224485592050101331e-04
5.154066000000000203e-02 0.000000000000000000e+00 4.748355116746611641e-06 8.668449282994280868e-06 2.397018282253221880e-04 3.264962093794637039e-04
5.274120000000000197e-02 0.000000000000000000e+00 4.655269237462918150e-06 8.130035991403832159e-06 2.241635723054223063e-04 4.655531748036554436e-04
5.396970000000000239e-02 0.000000000000000000e+00 4.448780360887552872e-06 6.923678934674788282e-06 1.891178541663567168e-04 6.462095103355306900e-04
5.522682000000000285e-02 1.491935369383065055e-306 4.425277650100722207e-06 7.281190930216740251e-06 1.997797812234850987e-04 8.746547620483214637e-04
5.651322000000000290e-02 5.791083529842075627e-286 4.617861146353746112e-06 9.257263157229007582e-06 2.577651118425938032e-04 1.155696372877802313e-03
5.782957999999999849e-02 7.591612648074632207e-267 4.633775730857861682e-06 9.642670122491473774e-06 2.691876003849452063e-04 1.491684316702470521e-03
5.917660000000000281e-02 4.278336724400455530e-249 4.544458111738012661e-06 9.321832563788219969e-06 2.600214735633397294e-04 1.885915026684347818e-03
6.055499999999999772e-02 1.295928811682744091e-232 4.336601853587257219e-06 8.252617615999229979e-06 2.290520329948485137e-04 2.338797704886371159e-03
6.196551000000000142e-02 2.596854407435278330e-217 4.425815900177776670e-06 9.814946972263262465e-06 2.751207461109516218e-04 2.848601634645277388e-03
6.340887000000000606e-02 4.174461430676599713e-203 4.401444967302292582e-06 1.020009464721811663e-05 2.865585092014288687e-04 3.410226110570999114e-03
6.488584999999999492e-02 6.437774763821920899e-190 4.356320588666918852e-06 1.027581314248507668e-05 2.890313490962027692e-04 4.014193019774327242e-03
6.639723999999999626e-02 1.126836007689052630e-177 4.295355076181228286e-06 1.038050939857461399e-05 2.924236802965584953e-04 4.655581379090803669e-03
6.794382999999999673e-02 2.615043651490117438e-166 4.230944125933370474e-06 1.048439847422803833e-05 2.958220500667351556e-04 5.325534228934176995e-03
6.952643999999999491e-02 9.296659874599301449e-156 4.143066444917501872e-06 1.043703238335100752e-05 2.946349555137505859e-04 6.013976477718208612e-03
7.114592000000000138e-02 5.788319868370261461e-146 4.061171967518583882e-06 1.052519282796505848e-05 2.975383635556368448e-04 6.707501651914975389e-03
7.280311999999999895e-02 7.146500998450146346e-137 4.101066665895295291e-06 1.177117003169651464e-05 3.343876828186860962e-04 7.389624321093630002e-03
7.449893000000000487e-02 1.966594893927169660e-128 3.981900532228647827e-06 1.151488264638403670e-05 3.272220599970257992e-04 8.054413996985934632e-03
7.623423000000000005e-02 1.343627354636811248e-120 3.802590996527679264e-06 1.082218044768249958e-05 3.072697639342141071e-04 8.691899775365023381e-03
7.800994999999999457e-02 2.519401459821119993e-113 3.723226479695336765e-06 1.101379183912381425e-05 3.131636318039743554e-04 9.292306690550169307e-03
7.982704000000000188e-02 1.422655561872058306e-106 3.679122220877437392e-06 1.137405938514179292e-05 3.240845265356325682e-04 9.844588309576922727e-03
8.168644999999999379e-02 2.636829568295312431e-100 3.627472725969294161e-06 1.164118830049049470e-05 3.321560229775525957e-04 1.033687100283331266e-02
8.358917000000000430e-02 1.739705395531769214e-94 3.422796865660107633e-06 1.039789231529011575e-05 2.960244844414658210e-04 1.077050504729845995e-02
8.553621000000000141e-02 4.403156894554059540e-89 3.424111677067391922e-06 1.148568355336681518e-05 3.282825012947404174e-04 1.114279294132778167e-02
8.752861000000000669e-02 4.582704749145043847e-84 3.357847773177535812e-06 1.179210610305729579e-05 3.375565218649838762e-04 1.145258470652880944e-02
8.956741000000000008e-02 2.091653610648469231e-79 3.256393811985709140e-06 1.179011642686513835e-05 3.378158704344056415e-04 1.169782515875554194e-02
9.165370000000000461e-02 8.025882439525147981e-74 6.510901323618951823e-05 3.384045350859311244e-04 9.775134712690102673e-03 2.144907257642146015e-01
9.378859000000000501e-02 8.393508603137673088e-70 1.039252494469217962e-04 1.059660255145039890e-03 3.091786460149341040e-02 2.165993079078859518e-01
9.597321000000000324e-02 4.568454447803929473e-66 1.257628683493124783e-04 1.583642103168316027e-03 4.620311536721884160e-02 2.185374680473766706e-01
9.820871000000000461e-02 1.356872508365040410e-62 9.905233896057079280e-05 1.111370077052926519e-03 3.226071141276375120e-02 2.202565048558871030e-01
1.004962999999999967e-01 2.297481386759199308e-59 1.209437165966882491e-04 1.726418828214645266e-03 5.013070523054694028e-02 2.216636961256093774e-01
1.028371000000000007e-01 2.391315187587141233e-56 1.175215004055163421e-04 1.512416155247975867e-03 4.410816907601175507e-02 2.305487590449795954e-01
1.052325000000000066e-01 1.488225168520179034e-53 1.409478730100125518e-04 2.247770238426530752e-03 6.521946906059505888e-02 2.320616974307459501e-01
1.076836999999999933e-01 5.918013645336553797e-51 1.281192130698200859e-04 2.013863109823702067e-03 5.840619333324454515e-02 2.332030091782191505e-01
1.101919999999999983e-01 1.553125834096547323e-48 1.316372444478260356e-04 2.174983638287121199e-03 6.276342193685963133e-02 2.338849030124041384e-01
1.127587000000000034e-01 2.742926558164621635e-46 1.239311927684293689e-04 2.092108284670402777e-03 5.975358772209169583e-02 2.315757855157644929e-01
1.153851999999999933e-01 3.519725990230303861e-44 1.252223561592863367e-04 2.199815684817410608e-03 6.288719399713924019e-02 2.376346045989013445e-01
1.180728000000000055e-01 3.405355439109047124e-42 1.078178361515317766e-04 1.874983391726595811e-03 5.384537824042370802e-02 2.555107307145486062e-01
1.208231000000000027e-01 2.298231919025128345e-40 9.235704028770201786e-05 1.368886736441885920e-03 4.068261361477827631e-02 2.599721918933252107e-01
1.236373999999999945e-01 1.150769832958912770e-38 1.250337319086624547e-04 2.325978903957925687e-03 6.756000652139915186e-02 2.603382718956116504e-01
1.265172999999999992e-01 4.146778633446705746e-37 1.292180621668651160e-04 2.574910269246937378e-03 7.337255159505196023e-02 2.437903538931143477e-01
1.294643000000000044e-01 1.228649940619979577e-35 1.253830640909016012e-04 2.635133539470296132e-03 7.307222079454613051e-02 2.392816693665352490e-01
1.324799000000000115e-01 2.933507974512873759e-34 1.273950931467445044e-04 2.802579198702876122e-03 7.661295207416139730e-02 2.370109483065216682e-01
1.355657999999999863e-01 5.681451229939345055e-33 1.255145979611239665e-04 2.852555028812647688e-03 7.614583529479558577e-02 2.346131872136272556e-01
1.387234999999999996e-01 9.060605036479912580e-32 1.095277190375496586e-04 2.594141153546528685e-03 6.646229216747161217e-02 2.320636405578460071e-01
1.419547999999999921e-01 1.207717430271713445e-30 1.091871706747882232e-04 2.627018518669415638e-03 6.594853323904341369e-02 2.295933133454911013e-01
1.452613000000000099e-01 1.381050484627538192e-29 1.131448173208735508e-04 2.807932235247420031e-03 6.839073174566691338e-02 2.302265113488655701e-01
1.486448999999999965e-01 1.430776306911775961e-28 1.097755933749205136e-04 2.742255954621997203e-03 6.506179093857407392e-02 2.442010569561924582e-01
1.521073000000000008e-01 1.301051923354914238e-27 1.111884523691987746e-04 2.462241434814727622e-03 6.528286909689386130e-02 2.625867844058976108e-01
1.556502999999999914e-01 9.239290414463549654e-27 1.135207736091428616e-04 2.305744039990490282e-03 6.549617870533146202e-02 2.521662448163959347e-01
1.592758999999999980e-01 5.397259188500396325e-26 1.159477705614105026e-04 2.668115768978437333e-03 6.569909118636246825e-02 2.257535314077501187e-01
1.629858999999999891e-01 2.963370349675001546e-25 1.184949943686815595e-04 2.731981490559640298e-03 6.591332946548286720e-02 2.135197093580097349e-01
1.667822999999999944e-01 1.511897850732817555e-24 1.211760128572010961e-04 2.866084585259322422e-03 6.621605832393294422e-02 2.093709657306857264e-01
1.706671999999999911e-01 6.995907855706931839e-24 1.243820267474492561e-04 2.855088287782236826e-03 6.663873168171788319e-02 2.058528174074466532e-01
1.746425000000000061e-01 3.054607460256165902e-23 1.289624392171358225e-04 2.927764858117068089e-03 6.715072306175383365e-02 2.022755273382805530e-01
1.787104999999999944e-01 1.275010901941702319e-22 1.339082614883818569e-04 3.055109980561891096e-03 6.782324414729262729e-02 1.985245659906018367e-01
1.828732000000000135e-01 5.087240125360115122e-22 1.418488689181978660e-04 3.345027169627820020e-03 6.835682843373651341e-02 1.945837159172804642e-01
1.871327999999999880e-01 1.942070740318939303e-21 1.514866870330169770e-04 3.554196619119965716e-03 6.889056050742532744e-02 1.905361295931268795e-01
1.914916999999999869e-01 7.108388288446297132e-21 1.642999479026803055e-04 3.754268228984073297e-03 6.939306682275384053e-02 1.864893938906349025e-01
1.959520999999999902e-01 2.501829726318681496e-20 1.826433933932359211e-04 3.928880197698709879e-03 6.970779328099703520e-02 1.823848165095075524e-01
2.005164999999999864e-01 8.515277151238927827e-20 2.017383964817765537e-04 4.105245091975504891e-03 7.003870349145939478e-02 1.782422805795474963e-01
2.051871000000000111e-01 2.829500892014644754e-19 2.216705457448623978e-04 4.270180234409207479e-03 7.018796290301045071e-02 1.742462365449233275e-01
2.099665000000000004e-01 9.284291684539939356e-19 2.419609180198677189e-04 4.440237767104718812e-03 7.034933877418504677e-02 1.704881875822230053e-01
2.148573000000000011e-01 3.044319716569608298e-18 2.605171134479918179e-04 4.628571945310634185e-03 7.048261862324160798e-02 1.670453682939889994e-01
2.198618999999999990e-01 1.007842736849689009e-17 2.769233951891611717e-04 4.828630913850192122e-03 7.061707612066506212e-02 1.641390891104083927e-01
2.249831999999999943e-01 3.382330202802894895e-17 2.771421895964814967e-04 5.069145285396132669e-03 7.074107697108016068e-02 1.618735047134366722e-01
2.302237000000000033e-01 1.146524234947813418e-16 2.733752426011553283e-04 5.321868253109890250e-03 7.082140480604359745e-02 1.601838161450073184e-01
2.355862999999999985e-01 3.890098734292725826e-16 2.646205852385572388e-04 5.586149075015808124e-03 7.077760054003426338e-02 1.589466741646411718e-01
2.410738000000000048e-01 1.306631009735041057e-15 2.628011586894139925e-04 5.859296155102351050e-03 7.062596039593069253e-02 1.580197747914096340e-01
2.466890999999999945e-01 4.301928988802271952e-15 2.845107440158365958e-04 6.154175869592922420e-03 7.033964380703527919e-02 1.572763028443233957e-01
2.524352999999999736e-01 1.379276807281864324e-14 3.271844442466346537e-04 6.452111010198262331e-03 6.996614657912426927e-02 1.567110935339892930e-01
2.583152000000000226e-01 4.303066133030212104e-14 3.996452281791640533e-04 6.750125960892028321e-03 6.952593506787653477e-02 1.567847046270390010e-01
2.643322000000000171e-01 1.352787424730303236e-13 5.603981967526809171e-04 7.030786938109140523e-03 6.907243748864944077e-02 1.633465943814231824e-01
2.704892999999999881e-01 4.538164305333149842e-13 7.713550587585401783e-04 7.292400319199495926e-03 6.862649498411339810e-02 1.876658550458819574e-01
2.767897999999999747e-01 1.400537680424087706e-12 1.011200518465662839e-03 7.545011857957447179e-03 6.828828403896081145e-02 2.047878637665629109e-01
2.832370000000000165e-01 3.445131856242051659e-12 1.326318203734442669e-03 7.805609583211770355e-03 6.802141331324897122e-02 1.836630418189643954e-01
2.898344999999999949e-01 7.803767507169077584e-12 1.718676768395162530e-03 8.079753621159922392e-03 6.785472505953063505e-02 1.561652219827931176e-01
2.965856000000000048e-01 1.901435603291103976e-11 2.153584677795491228e-03 8.408414705318553034e-03 6.790302023324977509e-02 1.468384896147982566e-01
3.034938999999999831e-01 4.677007990498689229e-11 2.450357071259842007e-03 8.779686171707334202e-03 6.816929582735671567e-02 1.430904936562001351e-01
3.105631999999999837e-01 1.121542442098919001e-10 2.876571648010706368e-03 9.238799321967168868e-03 6.874042347268836950e-02 1.393766411228672397e-01
3.177972000000000019e-01 2.618690591476554640e-10 4.008519202448151443e-03 9.814334804480786753e-03 6.963658188150341488e-02 1.353725868056090131e-01
3.251995999999999776e-01 5.964539562779879276e-10 4.506663016779658554e-03 1.055480026156703326e-02 7.088910885151318564e-02 1.312138371473395848e-01
3.327744999999999731e-01 1.134523056358231795e-09 4.785419593288826878e-03 1.148656748469331114e-02 7.260639243855585012e-02 1.268452013565132541e-01
3.405257999999999896e-01 1.602222039650209166e-09 5.095228100631155575e-03 1.263117584345605122e-02 7.457719749983153512e-02 1.221995470775296549e-01
3.484576999999999813e-01 2.115560846145418938e-09 5.620006018167206761e-03 1.394388149913053897e-02 7.712399190730527543e-02 1.175531295531855730e-01
3.565743000000000107e-01 2.683926635074044926e-09 5.771748631938983937e-03 1.494105516609269511e-02 7.585184364838422344e-02 1.128979101894506537e-01
3.648799999999999821e-01 3.362873203705551778e-09 7.138805990562639529e-03 1.557043288959768235e-02 8.267393218639346175e-02 1.082914702966094184e-01
3.733791000000000193e-01 4.258646171074365001e-09 7.547140226983550804e-03 1.836096872593930354e-02 1.286899926644919645e-01 1.037695375561712013e-01
3.820761999999999770e-01 5.542282243266627296e-09 6.491389350294355341e-03 1.952621802338004933e-02 1.016816811051231423e-01 9.932927577160753640e-02
3.909758999999999873e-01 7.492276935924257905e-09 7.666495596851303357e-03 2.148675382543519322e-02 1.087241313695518907e-01 9.501869136310739372e-02
4.000829000000000191e-01 1.056928411697562531e-08 1.287168007028219319e-02 2.473212264148449621e-02 1.153653471223636817e-01 9.086669441756924093e-02
4.094020999999999910e-01 1.555508511666906410e-08 1.550717614749151305e-02 2.646643725492267216e-02 1.189631948338014666e-01 8.691141081006158176e-02
4.189382999999999857e-01 2.378567999535547610e-08 1.571296248749897220e-02 2.820491046555600664e-02 1.208036362939889363e-01 8.318501504791331325e-02
4.286965999999999832e-01 3.752783815556314445e-08 1.727244655239676754e-02 2.826563112452990661e-02 1.174417329743528554e-01 7.969658688000705316e-02
4.386822000000000221e-01 6.058539552863383121e-08 2.043489984417944105e-02 2.996785700328580618e-02 1.213154297384940322e-01 7.646478729410025044e-02
4.489003999999999772e-01 9.991476090516330429e-08 2.369332155187736308e-02 3.309760324899712475e-02 1.230231119725185701e-01 7.403661930926144774e-02
4.593567000000000067e-01 1.785195112786906606e-07 2.592689209724120813e-02 3.420170410815207007e-02 1.231943656331095094e-01 7.743010765132392337e-02
4.700563999999999854e-01 3.704584623323363177e-07 2.695733832345854550e-02 3.505082196100135078e-02 1.224071907785198032e-01 9.455028617061481122e-02
4.810054999999999747e-01 6.868688508643925894e-07 2.860764102863186387e-02 3.571242829236751654e-02 1.288150165167677164e-01 1.044365047603682678e-01
4.922095000000000220e-01 9.386757447042631139e-07 2.846744027230384624e-02 3.607236287091573207e-02 1.439788245896019003e-01 8.655900139313396635e-02
5.036745999999999723e-01 1.168197075773714592e-06 2.773061296815500579e-02 3.690903923875593629e-02 1.643645251672836427e-01 6.677158268290113441e-02
5.154066000000000480e-01 1.678925846848140528e-06 2.694968636062409009e-02 3.689140573546760560e-02 1.154938819649215381e-01 6.093045006973483307e-02
5.274119999999999919e-01 2.506805678380919535e-06 3.042414738920357076e-02 3.749405445590812264e-02 1.169221245556389260e-01 5.921283299482435480e-02
5.396969999999999823e-01 3.673237327893415439e-06 3.211508201512115052e-02 4.045775518812386867e-02 1.132911154476714255e-01 5.785173290544889935e-02
5.522681999999999869e-01 5.273238974265183887e-06 3.314855401897125881e-02 4.227056094446396406e-02 1.135354426371988912e-01 5.662402464386541434e-02
5.651321999999999734e-01 7.437284951970765902e-06 3.438791907178682244e-02 4.316894377043219849e-02 1.128339670399029354e-01 5.552307238246059068e-02
5.782958000000000265e-01 1.034026619622835045e-05 3.465619790705848358e-02 4.358149261056838697e-02 1.131560515195834116e-01 5.453872659493646385e-02
5.917660000000000142e-01 1.422550989627290291e-05 3.533735829948229240e-02 4.432955704642888017e-02 1.139485260418742069e-01 5.365931990808427837e-02
6.055500000000000327e-01 1.961205605546683899e-05 3.847201395485665837e-02 4.551682663506103482e-02 1.138759031537412009e-01 5.333661423655522427e-02
6.196551000000000142e-01 2.962175600979273206e-05 3.824254904401516025e-02 4.685667322960201941e-02 1.131585346799757336e-01 5.831891488370565674e-02
6.340886999999999496e-01 5.410363282460715608e-05 3.738534377599846137e-02 4.809659524402050412e-02 1.121185986647270372e-01 7.713513329022786413e-02
6.488585000000000047e-01 8.711566137371896967e-05 3.948098900759872826e-02 4.921573155913226694e-02 1.109989997538687878e-01 8.966590134914530219e-02
6.639724000000000181e-01 9.886351905195706025e-05 4.095272567075141507e-02 5.018625100223367969e-02 1.096895474250532548e-01 7.303847428556713151e-02
6.794383000000000505e-01 1.004958868947241170e-04 4.136390698390739890e-02 5.099311037514486777e-02 1.082796198811206700e-01 5.287329116230415210e-02
6.952644000000000046e-01 1.264920690734462573e-04 4.254452918358134217e-02 5.165156398622064438e-02 1.068238614375454087e-01 4.696437773525524023e-02
7.114591999999999583e-01 1.749942836956731396e-04 4.170977316116272759e-02 5.224728896053710409e-02 1.051567440712446455e-01 4.541768674814033319e-02
7.280311999999999895e-01 2.455574692308875782e-04 4.295509669232532024e-02 5.281371369945184885e-02 1.035101766174400112e-01 4.415265519273608302e-02
7.449892999999999654e-01 3.474295896447687857e-04 4.686396678524044901e-02 5.335103047126379949e-02 1.019288421315956150e-01 4.295447626886438053e-02
7.623423000000000282e-01 4.949697416464190255e-04 4.644174488622393460e-02 5.390710307536349805e-02 1.002968290247803484e-01 4.186203012630656389e-02
7.800994999999999457e-01 7.083334885518284508e-04 4.466664138662462119e-02 5.450723342695901891e-02 9.881881029622713308e-02 4.090296262636254621e-02
7.982704000000000466e-01 1.014374070087802927e-03 4.433198952029208245e-02 5.514444679588130505e-02 9.739301932255313432e-02 4.008180917656539027e-02
8.168644999999999934e-01 1.446720711615580779e-03 4.751955316307381744e-02 5.587410352796506191e-02 9.604140995092025346e-02 3.939563708506604867e-02
8.358917000000000153e-01 2.043329400222696109e-03 4.830624510078266459e-02 5.673805007936604666e-02 9.483885209463580046e-02 3.883629286992128227e-02
8.553621000000000141e-01 2.839660679005733511e-03 4.730144775654960415e-02 5.761551052746111817e-02 9.378095524223563351e-02 3.839232189225036396e-02
8.752860999999999558e-01 3.856594996386471675e-03 5.127330019295014973e-02 5.856040279094496676e-02 9.280970052121560732e-02 3.806004515429135121e-02
8.956741000000000286e-01 5.081032137941499452e-03 5.191720350127172062e-02 5.955768798573350675e-02 9.191601877648850061e-02 3.783441491841420951e-02
9.165370000000000461e-01 6.517167380574312441e-03 5.350683582401146582e-02 6.057345699283960688e-02 9.100590509075172363e-02 3.770304376224194176e-02
9.378859000000000501e-01 8.281292400386911987e-03 5.130116915066143535e-02 6.162724129726962485e-02 9.011857456895419616e-02 3.766530326857150945e-02
9.597320999999999769e-01 1.045584041652001736e-02 5.219691764660951139e-02 6.269761675594363870e-02 8.940063682346298390e-02 3.771639926488235678e-02
9.820870999999999906e-01 1.311689439570548968e-02 5.355149959721269837e-02 6.380340543969290068e-02 8.887019800417475524e-02 3.784373355671084849e-02
1.004963000000000051e+00 1.634808507554356971e-02 5.605852646025118180e-02 6.454496962295422358e-02 8.694618531095840708e-02 3.803224230451298510e-02
1.028370999999999924e+00 2.024242546513961225e-02 5.619896543520639526e-02 6.447314078329860476e-02 8.449526596296867698e-02 3.827115856661481713e-02
1.052324999999999955e+00 2.491004904709428341e-02 5.535727715721823483e-02 6.436341320200492100e-02 8.149844555557077264e-02 3.856432964772185668e-02
1.076837000000000044e+00 3.046915822170689903e-02 5.425052960906467242e-02 6.374887794432250454e-02 7.752787024017748774e-02 3.890743737708130673e-02
1.101920000000000011e+00 3.704603799614064608e-02 5.310233439099878300e-02 6.291758745025916033e-02 7.493995961708369014e-02 3.929332419337246141e-02
1.127586999999999895e+00 4.478977343388530069e-02 5.240326591121112487e-02 6.289892619557055364e-02 7.249135474257441258e-02 3.972773379153576173e-02
1.153852000000000100e+00 5.388343272965399888e-02 5.241647412134943507e-02 6.295438805630805545e-02 7.013723100773981700e-02 4.022855669966234060e-02
1.180728000000000000e+00 6.454315873445125307e-02 5.147487802815915725e-02 6.288779464770212491e-02 6.766661710159065091e-02 4.081475270196746608e-02
1.208231000000000055e+00 7.699506932396138481e-02 5.106512768478050496e-02 6.292076164208176836e-02 6.540431493019181752e-02 4.148986269248037401e-02
1.236374000000000084e+00 9.149214065250634020e-02 5.099887138980643136e-02 6.303811024789922335e-02 6.365967832003054105e-02 4.225750637602204707e-02
1.265173000000000103e+00 1.083099449407732562e-01 5.030961307223844048e-02 6.260987295272169018e-02 6.147767216771587995e-02 4.311875735975414375e-02
1.294642999999999988e+00 1.277496966101155929e-01 4.985358074759861646e-02 6.211502218963502187e-02 5.906062511213235056e-02 4.407413029915804165e-02
1.324799000000000060e+00 1.501610893542364988e-01 4.906809425697059024e-02 6.179729963008284005e-02 5.765676444735529788e-02 4.513047957833133533e-02
1.355658000000000030e+00 1.759673997652397848e-01 4.821423031360390354e-02 6.098941733600886372e-02 5.631356280080104804e-02 4.630349420946005407e-02
1.387234999999999996e+00 2.056241010857960960e-01 4.730107686681193913e-02 6.072169942792847441e-02 5.528504817104239188e-02 4.760204090789107306e-02
1.419548000000000032e+00 2.396093622385815913e-01 4.581775651899949731e-02 5.986578864396211591e-02 5.392136292726827651e-02 4.902864411378525522e-02
1.452612999999999932e+00 2.784570813500194530e-01 4.645786826764052718e-02 6.003399141689711588e-02 5.293796518268403806e-02 5.058826290133539710e-02
1.486448999999999909e+00 3.227387839216870336e-01 4.673174197644393291e-02 6.039783199312716289e-02 5.212809569447367924e-02 5.228389313992183596e-02
1.521072999999999897e+00 3.730198539544442582e-01 4.881440486163540066e-02 6.186981600776297191e-02 5.191164173181662955e-02 5.411098181058083406e-02
1.556502999999999970e+00 4.299590850802382236e-01 4.900712666435819848e-02 6.293321116618612321e-02 5.079947878166945346e-02 5.607416626150315414e-02
1.592759000000000036e+00 4.942156664859163606e-01 4.777232612522077509e-02 6.295981016281092246e-02 4.813319727719116842e-02 5.817232605922468408e-02
1.629858999999999947e+00 5.663701896811059733e-01 4.860253008561812166e-02 6.363488407609819986e-02 4.772111056492588099e-02 6.039282145768518073e-02
1.667823000000000055e+00 6.468416065431932260e-01 4.875027124240014637e-02 6.294607680670258332e-02 4.612451619060667363e-02 6.270897349953945266e-02
1.706671999999999967e+00 7.360880195680188365e-01 4.795317251242611767e-02 6.116515555638416674e-02 4.464508366456570315e-02 6.510483870169167520e-02
1.746424999999999894e+00 8.345718592084111487e-01 4.529559472863060876e-02 5.850232795716014261e-02 4.236286534817472471e-02 6.756926888448676338e-02
1.787104999999999944e+00 9.425415438187147998e-01 4.209332218932872183e-02 5.609593079697246937e-02 4.068546244777743182e-02 7.007859154367349075e-02
1.828732000000000024e+00 1.059889120576325006e+00 3.929105516422039257e-02 5.332039209639955618e-02 3.856673710428319690e-02 7.259241369239251285e-02
1.871328000000000102e+00 1.186475895884108622e+00 3.695624126737022397e-02 5.069745423801185619e-02 3.647339801723986641e-02 7.508154755957756332e-02
1.914916999999999980e+00 1.322171029771759487e+00 3.530211032818804384e-02 4.847892509429536922e-02 3.487790750520565475e-02 7.752749624222453340e-02
1.959521000000000068e+00 1.466495088916925038e+00 3.326072186010946286e-02 4.597548168169584420e-02 3.302155825410742207e-02 7.990011219539569498e-02
2.005164999999999864e+00 1.619510550036415975e+00 3.169358039028880025e-02 4.397989684340818106e-02 3.172148571353993612e-02 8.220726397512673200e-02
2.051870999999999778e+00 1.781552133752683398e+00 3.068457748668849613e-02 4.190760646499620129e-02 3.029212128479076907e-02 8.447015971504938381e-02
2.099664999999999893e+00 1.953185258964547533e+00 2.981735768328556274e-02 4.009381018963641824e-02 2.885221948878637435e-02 8.671707111619053610e-02
2.148572999999999844e+00 2.134470175568795813e+00 2.892408654337417714e-02 3.843452128392785272e-02 2.757514034400161684e-02 8.895009616847471268e-02
2.198618999999999879e+00 2.325108681743286887e+00 2.773399636934647736e-02 3.666673999538171830e-02 2.619672348392757671e-02 9.115819911486382210e-02
2.249832000000000054e+00 2.524412301158765803e+00 2.650174387745410018e-02 3.513967752263704586e-02 2.497579949806630686e-02 9.331972844977592940e-02
2.302236999999999867e+00 2.731036164119148957e+00 2.311600801978963907e-02 3.148267747859790494e-02 2.239283034198116806e-02 9.539613465224788813e-02
2.355862999999999818e+00 2.945716015677090738e+00 2.001896695729689715e-02 2.803463342950396342e-02 1.977514647592146929e-02 9.742714462079139770e-02
2.410737999999999825e+00 3.167791256644838960e+00 1.814622961400890605e-02 2.614297722908233770e-02 1.829898426225409075e-02 9.940184720412026387e-02
2.466890999999999945e+00 3.395194325571114113e+00 1.590172144705015791e-02 2.469948366690643063e-02 1.738958763011487496e-02 1.012705007361562881e-01
2.524353000000000069e+00 3.626736570671601712e+00 1.393242238022398237e-02 2.313302608124388413e-02 1.695807557107528382e-02 1.030187106764081789e-01
2.583152000000000115e+00 3.861554928633035733e+00 1.393838849839215514e-02 2.326809177931936021e-02 1.633564778182748645e-02 1.046444706195402696e-01
2.643321999999999949e+00 4.099185007336699549e+00 1.368637641125278019e-02 2.278701413523275335e-02 1.580742432100161812e-02 1.061572471383300104e-01
2.704893000000000214e+00 4.339146761826701670e+00 1.336944727383986183e-02 2.210079522602356739e-02 1.538287999365580208e-02 1.075651377774691914e-01
2.767898000000000192e+00 4.582334644464335582e+00 1.291441016467799810e-02 2.148666460974214473e-02 1.484637367036967422e-02 1.089080512619045454e-01
2.832370000000000054e+00 4.829266050698582724e+00 1.243303478552419683e-02 2.074325940383811920e-02 1.430058386859307980e-02 1.102112873030741541e-01
2.898344999999999949e+00 5.080732480691867003e+00 1.188345431413769318e-02 2.026917908444329439e-02 1.370466607252487749e-02 1.115024916555172607e-01
2.965856000000000048e+00 5.339306155158708656e+00 1.132162491043534926e-02 1.956056157069334389e-02 1.309158985964232504e-02 1.128429844342719035e-01
3.034939000000000053e+00 5.605775660146361972e+00 1.083489286096668211e-02 1.885685919638166799e-02 1.243041438009211824e-02 1.142490627718309032e-01
3.105631999999999948e+00 5.878473323559030739e+00 1.045033352417991737e-02 1.814207643941746773e-02 1.179300341528242285e-02 1.156865034201662867e-01
3.177972000000000019e+00 6.155770053881314041e+00 1.004075447163020954e-02 1.764656523831936719e-02 1.121321390623591582e-02 1.171264202652317898e-01
3.251996000000000109e+00 6.437366847861469843e+00 9.628800549970766703e-03 1.980336428405450253e-02 1.262516287340355314e-02 1.185681590559289622e-01
3.327745000000000175e+00 6.718988505106774589e+00 9.173844826259998364e-03 2.345870169500408400e-02 1.517225271857439162e-02 1.199401679341643712e-01
3.405257999999999896e+00 6.996792234328789384e+00 8.690028166353322425e-03 1.897027937563029384e-02 1.181162523987066594e-02 1.211868726647039318e-01
3.484576999999999813e+00 7.266446769833468267e+00 8.202530424181567886e-03 1.726108184423999492e-02 1.054435907423863922e-02 1.222507241921328008e-01
3.565742999999999885e+00 7.526027910630140205e+00 7.707280264870801020e-03 1.481000880173302496e-02 8.764349416544026106e-03 1.231196733365299556e-01
3.648800000000000043e+00 7.774768036812174543e+00 7.219602685493653471e-03 1.383352435182277212e-02 8.095019646673575972e-03 1.238010062514491028e-01
3.733791000000000082e+00 8.012099488302858674e+00 6.719129461146288590e-03 1.316497817294119514e-02 7.627180338706373609e-03 1.243039342397370961e-01
3.820762000000000214e+00 8.239191498479693010e+00 6.277451251885189654e-03 1.256821576002297054e-02 7.281834070861869374e-03 1.246625822614654683e-01
3.909759000000000206e+00 8.458776398199384872e+00 5.825943653055217636e-03 1.198239580730831207e-02 6.929654114256576791e-03 1.249304364246301979e-01
4.000829000000000413e+00 8.674416286261221742e+00 5.381774278372763835e-03 1.133132235904356702e-02 6.572400739486212659e-03 1.251676083136426254e-01
4.094020999999999688e+00 8.892380587554958637e+00 4.994430743927923827e-03 1.076642027528941677e-02 6.279288384262365040e-03 1.254667398569392911e-01
4.189383000000000301e+00 9.119156978679928471e+00 4.638942173974177144e-03 1.034940771399336934e-02 6.016168313525039821e-03 1.259153417363432781e-01
4.286965999999999610e+00 9.359262259064113465e+00 4.192357162935445372e-03 9.820815217786670742e-03 5.610847691664358136e-03 1.265670229271576019e-01
4.386822000000000443e+00 9.615764175480416398e+00 3.631031511989369579e-03 9.147947762047010586e-03 4.966700099855601326e-03 1.274520768800556092e-01
4.489004000000000438e+00 9.890342538965398944e+00 3.277743021954649533e-03 8.729285499944535245e-03 4.626217938493106321e-03 1.285807058734837471e-01
4.593567000000000178e+00 1.018440074858914990e+01 3.052963061558726984e-03 8.567422289888063092e-03 4.500593573313262097e-03 1.299591801308060401e-01
4.700563999999999965e+00 1.049821480662166451e+01 2.887961260928252182e-03 8.567490441345481517e-03 4.487420940243519105e-03 1.315795736552782813e-01
4.810055000000000192e+00 1.082936287456676538e+01 2.720855364366728951e-03 8.662717048984320406e-03 4.507116321003506142e-03 1.334016718933566936e-01
4.922094999999999665e+00 1.117158366306749784e+01 2.547207811037800404e-03 8.764927632390662887e-03 4.517846834165725918e-03 1.353417956416843038e-01
5.036745999999999945e+00 1.151930751807032749e+01 2.391285554980956962e-03 8.837212917399948214e-03 4.551048860723824925e-03 1.373301572181170327e-01
5.154066000000000258e+00 1.186868625999093396e+01 2.241425435660470387e-03 9.103089869907793341e-03 4.626627713511488951e-03 1.393216099569359878e-01
5.274119999999999919e+00 1.221249401838042559e+01 2.104855710248078760e-03 9.479019503385598816e-03 4.752322177081856787e-03 1.412346257811995243e-01
5.396969999999999601e+00 1.254667001879673549e+01 1.975450147759215576e-03 9.939266390431114942e-03 4.900028727644630162e-03 1.430283308871948544e-01
5.522681999999999647e+00 1.286887565251308985e+01 1.852762307539780303e-03 1.047260124982387838e-02 5.072164575723611679e-03 1.446832257154027634e-01
5.651322000000000401e+00 1.317628583812955689e+01 1.734511173585709387e-03 1.106354398490100484e-02 5.253961152054833703e-03 1.461751371355678175e-01
5.782957999999999821e+00 1.346653695138929940e+01 1.624715083992855089e-03 1.170690855277754100e-02 5.446202379838276965e-03 1.474858399178302637e-01
5.917659999999999698e+00 1.373972531819561915e+01 1.515569970994991257e-03 1.242925260890653111e-02 5.650495691072698369e-03 1.486242376284372391e-01
6.055500000000000327e+00 1.399677113380052695e+01 1.415440430075767982e-03 2.320363215900471746e-02 1.056149847762448760e-02 1.496072146582371476e-01
6.196551000000000364e+00 1.423745656934215909e+01 1.324410935868190493e-03 7.110028164260018269e-02 3.216910333828293389e-02 1.504384817416992426e-01
6.340887000000000384e+00 1.446133637310765785e+01 1.238355509311866781e-03 3.650231804605547081e-02 1.621888355034384679e-02 1.511188736037034630e-01
6.488584999999999603e+00 1.466832472444814250e+01 1.158818448961624649e-03 1.519632175231973997e-02 6.628133604823134746e-03 1.516525869532828474e-01
6.639724000000000181e+00 1.485662004515214463e+01 1.084662652690641244e-03 1.573269877539831482e-02 6.863572220135562632e-03 1.520257833080296828e-01
6.794382999999999839e+00 1.502303506106831144e+01 1.014526822013556585e-03 1.630017167415158744e-02 7.118142207828303224e-03 1.522108431383129012e-01
6.952644000000000268e+00 1.516555886269364706e+01 9.490448405746334604e-04 1.689842522569040897e-02 7.397030726507706176e-03 1.521927050126728742e-01
7.114592000000000027e+00 1.528696323150428071e+01 8.871479349423834091e-04 1.826907195339378537e-02 8.023762309799278500e-03 1.520040871125484527e-01
7.280312000000000339e+00 1.539190005021042928e+01 8.286850721509782377e-04 3.601863410078703226e-02 1.599177274539445581e-02 1.516947420965674420e-01
7.449893000000000320e+00 1.548424162334558929e+01 7.733552062725873198e-04 5.229220165661741665e-02 2.333745403944852137e-02 1.513048341440121625e-01
7.623422999999999838e+00 1.557248677761466915e+01 7.223578450824593832e-04 6.622495930873181780e-02 2.965116696110945554e-02 1.509178539647418327e-01
7.800995000000000346e+00 1.566963368967119052e+01 6.744007119828162580e-04 6.147474078511831058e-02 2.736968603426816887e-02 1.506577837587338431e-01
7.982704000000000022e+00 1.578234859708237181e+01 6.294977040783454516e-04 5.465568271851761750e-02 2.402809000608100223e-02 1.505844042043454900e-01
8.168644999999999712e+00 1.591334887353572469e+01 5.878654058575361876e-04 4.064430444633052031e-02 1.751695016089899887e-02 1.507185000527704044e-01
8.358916999999999931e+00 1.606641296011662590e+01 5.490622760314843543e-04 2.458542394593481173e-02 1.045191469876971015e-02 1.510904801557536870e-01
8.553620999999999697e+00 1.624651836440768804e+01 5.131731820344083948e-04 2.532080949049830831e-02 1.061599064940564607e-02 1.517413752174749941e-01
8.752860999999999336e+00 1.645331833873968819e+01 4.797194247117539173e-04 2.642040862831441378e-02 1.092188023080340603e-02 1.526620162556710514e-01
8.956740999999999175e+00 1.668148764540282158e+01 4.484698747693115174e-04 2.550500342744058124e-02 1.039759668064661399e-02 1.537978856430918251e-01
9.165369999999999351e+00 1.692169747450940420e+01 4.193810742897127568e-04 2.491776219547062882e-02 1.002031397271975835e-02 1.550594076047285830e-01
9.378859000000000279e+00 1.716163054934265730e+01 3.922463842928216433e-04 2.499930829761096152e-02 9.916543123051546268e-03 1.563321156348039809e-01
9.597321000000000879e+00 1.738685930109762978e+01 3.667587314929019642e-04 2.552230358965165008e-02 9.984981642726173043e-03 1.574851434390066030e-01
9.820871000000000350e+00 1.758802832796721205e+01 3.404129871666739318e-04 2.599913214398118927e-02 1.002913220283390555e-02 1.584361699386378219e-01
1.004963000000000051e+01 1.776214010349680450e+01 3.134922514318111485e-04 2.625359539361550240e-02 9.808332620008871836e-03 1.591614399144954672e-01
1.028370999999999924e+01 1.790336811255585658e+01 2.924996834625237649e-04 2.669598401382693165e-02 9.785015286693836412e-03 1.596122450968429363e-01
1.052325000000000088e+01 1.800967440693707999e+01 2.725036976203562339e-04 2.715260277265244340e-02 9.812973582436254616e-03 1.597742147549841563e-01
1.076837000000000089e+01 1.807946591109019252e+01 2.538739492568338908e-04 2.761998879149536387e-02 9.842550729102419321e-03 1.596369172189831265e-01
1.101919999999999966e+01 1.811298622797292879e+01 2.365175556597135258e-04 3.776516515725944489e-02 1.330657143363923010e-02 1.592059944741952837e-01
1.127586999999999939e+01 1.810705055274929975e+01 2.203476688259051099e-04 9.347541094747327528e-02 3.260241352139939958e-02 1.584567321429775077e-01
1.153852000000000011e+01 1.806812988168175949e+01 2.052831803074685335e-04 5.540574420343868239e-02 1.936886367571866857e-02 1.574487386010158529e-01
1.180728000000000044e+01 1.803893263783086809e+01 1.912472761850149828e-04 2.822922464568006565e-02 9.921054565526851374e-03 1.565549028593079539e-01
1.208230999999999966e+01 1.804440967058873468e+01 1.781706179029615548e-04 2.811287954819511464e-02 9.975662620694592669e-03 1.559885747121907418e-01
1.236373999999999995e+01 1.811317385514721678e+01 1.659876437083172081e-04 2.799291853645812650e-02 1.003794973315583899e-02 1.559915302064844855e-01
1.265173000000000059e+01 1.825805718945608191e+01 1.546355018622260109e-04 2.798314539939170814e-02 1.015151496784689848e-02 1.566668798754576042e-01
1.294642999999999944e+01 1.846668001071077114e+01 1.440588269072158459e-04 2.791795053470157162e-02 1.025504670185994720e-02 1.579011393300713273e-01
1.324798999999999971e+01 1.874210870742246726e+01 1.342038103186717838e-04 2.778629248150940936e-02 1.034928596653756326e-02 1.597144622281139181e-01
1.355658000000000030e+01 1.913992406406249458e+01 1.250213931170129900e-04 2.757859202389857656e-02 1.043524570250643248e-02 1.625731698564460981e-01
1.387235000000000085e+01 1.972469381339782402e+01 1.164653466988417856e-04 2.729080333721087270e-02 1.051435365356590858e-02 1.670141929657133484e-01
1.419547999999999988e+01 2.058493239653354223e+01 1.084932849788236537e-04 2.692947486615496558e-02 1.058833284475493505e-02 1.737707582309516718e-01
1.452613000000000021e+01 2.169776314631096525e+01 1.010654213459884226e-04 2.649769910556679445e-02 1.065925879025296855e-02 1.826308940454905161e-01
1.486448999999999998e+01 2.291230289747888804e+01 9.414490239045914866e-05 2.599886359411732531e-02 1.072982248752665790e-02 1.923119174704880641e-01
1.521072999999999986e+01 2.403844176943862720e+01 8.769750893391741321e-05 2.544698436609850109e-02 1.080389178653867049e-02 2.012178059018947807e-01
1.556503000000000014e+01 2.493383991017914525e+01 8.169076752165838344e-05 2.488163186772932023e-02 1.090232888389127547e-02 2.081683749307902120e-01
1.592759000000000036e+01 2.557449612105609660e+01 7.609536185823479186e-05 2.456208422443664774e-02 1.115718861637282622e-02 2.129803063705483779e-01
1.629859000000000080e+01 2.597593705880781201e+01 7.088337519012788640e-05 2.427251296282039936e-02 1.146574489459505596e-02 2.157993572854616793e-01
1.667822999999999922e+01 2.612031167840100210e+01 6.602926136800156987e-05 2.397920668973085520e-02 1.180443171032437635e-02 2.164921622493164721e-01
1.706672000000000011e+01 2.595351396487304285e+01 6.150904016205228301e-05 2.371333185498803939e-02 1.218310187404345567e-02 2.146257533455923627e-01
1.746424999999999983e+01 2.542951788817925163e+01 5.730071909640925321e-05 2.349280019224476990e-02 1.260821865991933535e-02 2.098365957350266653e-01
1.787105000000000032e+01 2.455479627984919944e+01 5.338386996821161941e-05 2.333116443951453040e-02 1.307631072942066694e-02 2.021953590902994813e-01
1.828732000000000113e+01 2.333307709469028168e+01 4.973960641876451412e-05 2.324323506782891707e-02 1.357094878817149269e-02 1.917483610129525062e-01
1.871328000000000102e+01 2.191595909806229159e+01 4.634976359938210952e-05 2.323174583765256346e-02 1.407136951836250940e-02 1.797532591810777070e-01
1.914917000000000158e+01 2.052596752526103785e+01 4.319724707997448150e-05 2.336471684605232607e-02 1.461118653718565530e-02 1.680379093217439224e-01
1.959521000000000157e+01 1.942103668248962123e+01 4.026551719100385858e-05 2.370563901925451175e-02 1.521629719435355250e-02 1.587058573309464427e-01
2.005164999999999864e+01 1.880075970786775841e+01 3.753891380819281007e-05 2.411693056617089312e-02 1.577934185160348099e-02 1.533703325546818541e-01
2.051870999999999867e+01 1.885507499456237923e+01 3.500260046732077158e-05 2.465241067806326833e-02 1.629421124285515901e-02 1.535561093215486173e-01
2.099664999999999893e+01 1.958242900107630291e+01 3.264293392016132236e-05 2.530067079070844743e-02 1.673803044770785786e-02 1.592226081506881441e-01
2.148573000000000022e+01 2.093709187045475772e+01 3.044667810306640748e-05 2.607860497318375409e-02 1.708908420049553775e-02 1.699727763033264394e-01
2.198619000000000057e+01 2.289605192039040915e+01 2.840192428521784906e-05 2.699766966245458616e-02 1.734706160140232073e-02 1.855978830512338140e-01
2.249831999999999965e+01 2.537056192366657470e+01 2.649739892590338605e-05 2.818021658312458780e-02 1.758905581931161435e-02 2.053598734115848479e-01
2.302236999999999867e+01 2.817582460551079393e+01 2.472291688126630949e-05 2.943057437921089980e-02 1.766944496708382911e-02 2.277498169215282642e-01
2.355863000000000085e+01 3.109957531504203843e+01 2.306893740245499587e-05 3.067608717077890262e-02 1.752879167217508832e-02 2.510462535433252707e-01
2.410737999999999914e+01 3.398402455798825628e+01 2.152681872540789077e-05 3.187294181695288914e-02 1.721576598699353644e-02 2.739764061812247631e-01
2.466891000000000034e+01 3.672779284748695972e+01 2.008861710331919095e-05 3.300963643296224437e-02 1.681646599945378281e-02 2.957281520334606451e-01
2.524352999999999980e+01 3.924527133880357610e+01 1.874700614848560918e-05 3.407531348038977947e-02 1.641938236086263464e-02 3.156198649862639871e-01
2.583152000000000115e+01 4.150198594130198160e+01 1.749530093692900289e-05 3.514514163849697531e-02 1.611438498025923038e-02 3.333834081618298750e-01
2.643321999999999861e+01 4.348162459973691085e+01 1.632734858992177123e-05 3.649524750633068720e-02 1.607155094435232592e-02 3.488970039212763719e-01
2.704892999999999859e+01 4.517669690945652405e+01 1.523746990892025716e-05 3.782420287231515188e-02 1.619158230216154876e-02 3.621095072296932615e-01
2.767897999999999925e+01 4.658462180150120702e+01 1.422039574729742818e-05 3.909179482009636497e-02 1.642261766191107850e-02 3.730087008386409053e-01
2.832369999999999877e+01 4.769313975854201715e+01 1.327122274357443329e-05 4.030648756607779770e-02 1.676006277312873383e-02 3.815044256616768048e-01
2.898345000000000127e+01 4.849244313193318590e+01 1.238542560706050893e-05 4.147850119144534664e-02 1.718671294601058219e-02 3.875259213369607880e-01
2.965856000000000137e+01 4.894665511273706215e+01 1.153307226315816607e-05 4.256990115375843681e-02 1.762740376266587125e-02 3.907940221007632497e-01
