3.034939000000000039e-02 0.000000000000000000e+00 2.159652729852457465e-05 0.000000000000000000e+00 0.000000000000000000e+00 1.284562000192953357e-01
3.105631999999999837e-02 0.000000000000000000e+00 2.239449420520871114e-05 0.000000000000000000e+00 0.000000000000000000e+00 1.278121220207504016e-01
3.177971999999999742e-02 0.000000000000000000e+00 2.311913774327092823e-05 0.000000000000000000e+00 0.000000000000000000e+00 1.270474656990230600e-01
3.251996000000000053e-02 0.000000000000000000e+00 2.391811673515960811e-05 0.000000000000000000e+00 0.000000000000000000e+00 1.259393900852085191e-01
3.327745000000000009e-02 0.000000000000000000e+00 2.461258554420896611e-05 0.000000000000000000e+00 0.000000000000000000e+00 1.248343280299816227e-01
3.405257999999999896e-02 0.000000000000000000e+00 2.522903363347814556e-05 0.000000000000000000e+00 0.000000000000000000e+00 1.237540683009202419e-01
3.484576999999999813e-02 0.000000000000000000e+00 2.592487432542009583e-05 0.000000000000000000e+00 0.000000000000000000e+00 1.226986162708517680e-01
3.565742999999999691e-02 0.000000000000000000e+00 2.709647894158058120e-05 0.000000000000000000e+00 0.000000000000000000e+00 1.215528030772129453e-01
3.648799999999999960e-02 0.000000000000000000e+00 2.868356891004076028e-05 0.000000000000000000e+00 0.000000000000000000e+00 1.201243982474186761e-01
3.733791000000000193e-02 0.000000000000000000e+00 2.944106152832950794e-05 0.000000000000000000e+00 0.000000000000000000e+00 1.187097760967374960e-01
3.820761999999999770e-02 0.000000000000000000e+00 2.946898152649769575e-05 0.000000000000000000e+00 0.000000000000000000e+00 1.173267567172853881e-01
3.909759000000000151e-02 0.000000000000000000e+00 3.056303322717019328e-05 0.000000000000000000e+00 0.000000000000000000e+00 1.159741979377474919e-01
4.000829000000000191e-02 0.000000000000000000e+00 3.214667763903098863e-05 0.000000000000000000e+00 0.000000000000000000e+00 1.145556659702883645e-01
4.094020999999999771e-02 0.000000000000000000e+00 3.307181710439937612e-05 0.000000000000000000e+00 0.000000000000000000e+00 1.129118568957577090e-01
4.189382999999999996e-02 0.000000000000000000e+00 3.309637579804026552e-05 0.000000000000000000e+00 0.000000000000000000e+00 1.112882288652004420e-01
4.286965999999999694e-02 0.000000000000000000e+00 3.311132909300321667e-05 0.000000000000000000e+00 0.000000000000000000e+00 1.096987822923329720e-01
4.386821999999999944e-02 0.000000000000000000e+00 3.395160550165983936e-05 0.000000000000000000e+00 0.000000000000000000e+00 1.081424276903744375e-01
4.489003999999999911e-02 0.000000000000000000e+00 3.438778253394749330e-05 0.000000000000000000e+00 0.000000000000000000e+00 1.065417364924887145e-01
4.593566999999999789e-02 0.000000000000000000e+00 3.400967663289505778e-05 0.000000000000000000e+00 0.000000000000000000e+00 1.047695380857104758e-01
4.700564000000000131e-02 0.000000000000000000e+00 3.415509935704995234e-05 0.000000000000000000e+00 0.000000000000000000e+00 1.030231537726086638e-01
4.810054999999999886e-02 0.000000000000000000e+00 3.456919471273602041e-05 0.000000000000000000e+00 0.000000000000000000e+00 1.013149690636905437e-01
4.922094999999999942e-02 0.000000000000000000e+00 3.437874496031367372e-05 0.000000000000000000e+00 0.000000000000000000e+00 9.964205038365664402e-02
5.036746000000000278e-02 0.000000000000000000e+00 3.484540875988554779e-05 0.000000000000000000e+00 0.000000000000000000e+00 9.794040594015031298e-02
5.154066000000000203e-02 0.000000000000000000e+00 3.648061591658239433e-05 0.000000000000000000e+00 0.000000000000000000e+00 9.610212734270057178e-02
5.274120000000000197e-02 3.522190810828543524e-303 3.574932128530797535e-05 0.000000000000000000e+00 0.000000000000000000e+00 9.426907166225238777e-02
5.396970000000000239e-02 1.201111032953884679e-282 3.414660984498419879e-05 0.000000000000000000e+00 0.000000000000000000e+00 9.244020333770955333e-02
5.522682000000000285e-02 1.404009042849497731e-263 3.394753637533420209e-05 0.000000000000000000e+00 0.000000000000000000e+00 9.060146017015670294e-02
5.651322000000000290e-02 7.136983052920341836e-246 3.540339049256228287e-05 0.000000000000000000e+00 0.000000000000000000e+00 8.869805984270624777e-02
5.782957999999999849e-02 1.967852098818062344e-229 3.550158901529184050e-05 0.000000000000000000e+00 0.000000000000000000e+00 8.665031853995930344e-02
5.917660000000000281e-02 3.622513137293524056e-214 3.479151769849864591e-05 0.000000000000000000e+00 0.000000000000000000e+00 8.457236568814609223e-02
6.055499999999999772e-02 5.394960115451437804e-200 3.317308383334284440e-05 0.000000000000000000e+00 0.000000000000000000e+00 8.246833334392013326e-02
6.196551000000000142e-02 7.771282899294964215e-187 3.382499337350458189e-05 0.000000000000000000e+00 0.000000000000000000e+00 8.033722413594197864e-02
6.340887000000000606e-02 1.277916827024746201e-174 3.360523536589542817e-05 0.000000000000000000e+00 0.000000000000000000e+00 7.814980023877336757e-02
6.488584999999999492e-02 2.797619775335176927e-163 3.322414030239100816e-05 0.000000000000000000e+00 0.000000000000000000e+00 7.585338505226887906e-02
6.639723999999999626e-02 9.423188342057079556e-153 3.271941430355765047e-05 0.000000000000000000e+00 0.000000000000000000e+00 7.353473277763021565e-02
6.794382999999999673e-02 5.581945414600268051e-143 3.218558246142175000e-05 0.000000000000000000e+00 0.000000000000000000e+00 7.120370589086373603e-02
6.952643999999999491e-02 6.584197767642651240e-134 3.147045354595699816e-05 0.000000000000000000e+00 0.000000000000000000e+00 6.886512634983968373e-02
7.114592000000000138e-02 1.735117660287972620e-125 3.079800488435803328e-05 0.000000000000000000e+00 0.000000000000000000e+00 6.649663846317153959e-02
7.280311999999999895e-02 1.136598330289944042e-117 3.104446984641194931e-05 0.000000000000000000e+00 0.000000000000000000e+00 6.406436994298513043e-02
7.449893000000000487e-02 2.046642193790240322e-110 3.008239886362126391e-05 0.000000000000000000e+00 0.000000000000000000e+00 6.163278547131462864e-02
7.623423000000000005e-02 1.111558445991816328e-103 2.866462388898482171e-05 0.000000000000000000e+00 0.000000000000000000e+00 5.921074654968581930e-02
7.800994999999999457e-02 1.984674813981637702e-97 2.799827155506601979e-05 0.000000000000000000e+00 0.000000000000000000e+00 5.680121910442741812e-02
7.982704000000000188e-02 1.261744860302133531e-91 2.759251757447842634e-05 0.000000000000000000e+00 0.000000000000000000e+00 5.439446832099573137e-02
8.168644999999999379e-02 3.075418348571627038e-86 2.712472840048690947e-05 0.000000000000000000e+00 0.000000000000000000e+00 5.197512509970752398e-02
8.358917000000000430e-02 3.081911178161739602e-81 2.551071709705632096e-05 0.000000000000000000e+00 0.000000000000000000e+00 4.958897050539297358e-02
8.553621000000000141e-02 1.354097744384635911e-76 2.542857361602112834e-05 0.000000000000000000e+00 0.000000000000000000e+00 4.724549503405854611e-02
8.752861000000000669e-02 2.769091044421974241e-72 2.483730561778717030e-05 0.000000000000000000e+00 0.000000000000000000e+00 4.495277120791668635e-02
8.956741000000000008e-02 2.785418621621201953e-68 2.398113193533038027e-05 0.000000000000000000e+00 0.000000000000000000e+00 4.270910695469148227e-02
9.165370000000000461e-02 2.701571190129564603e-63 4.920400288549455717e-04 0.000000000000000000e+00 0.000000000000000000e+00 7.544241264409565773e-01
9.378859000000000501e-02 7.642913538606182647e-60 7.811802408258942997e-04 0.000000000000000000e+00 0.000000000000000000e+00 7.145619491925342404e-01
9.597321000000000324e-02 1.232891301923371864e-56 9.397472118849809148e-04 0.000000000000000000e+00 0.000000000000000000e+00 6.786417761158261008e-01
9.820871000000000461e-02 1.180996767085688246e-53 7.353331415657220508e-04 0.000000000000000000e+00 0.000000000000000000e+00 6.459144431345563708e-01
1.004962999999999967e-01 6.974326087050372612e-51 8.913905131113083677e-04 0.000000000000000000e+00 0.000000000000000000e+00 6.156338892500790028e-01
1.028371000000000007e-01 2.835126610507418487e-48 8.950258051431088987e-04 0.000000000000000000e+00 0.000000000000000000e+00 6.332472970395582879e-01
1.052325000000000066e-01 7.104420570584951973e-46 1.068555782051544296e-03 0.000000000000000000e+00 0.000000000000000000e+00 6.091319920419467904e-01
1.076836999999999933e-01 1.210737814076358279e-43 9.664232015155668201e-04 0.000000000000000000e+00 0.000000000000000000e+00 5.863596901470957690e-01
1.101919999999999983e-01 1.442657677223728480e-41 9.874583991533387225e-04 0.000000000000000000e+00 0.000000000000000000e+00 5.645041884843190472e-01
1.127587000000000034e-01 1.220235156386070770e-39 9.239669723046148829e-04 0.000000000000000000e+00 0.000000000000000000e+00 5.375252524781634067e-01
1.153851999999999933e-01 7.878721056842712390e-38 9.272913193325576934e-04 0.000000000000000000e+00 0.000000000000000000e+00 5.313225244265629144e-01
1.180728000000000055e-01 4.014665083839411700e-36 7.924598960937841597e-04 0.000000000000000000e+00 0.000000000000000000e+00 5.510637904321541436e-01
1.208231000000000027e-01 1.488452254056886573e-34 6.732417450902378675e-04 0.000000000000000000e+00 0.000000000000000000e+00 5.414604665879702017e-01
1.236373999999999945e-01 4.689116558930062045e-33 9.948675140733899500e-04 0.000000000000000000e+00 0.000000000000000000e+00 5.773337822014669163e-01
1.265172999999999992e-01 1.010546618499194562e-31 1.028161363489011118e-03 0.000000000000000000e+00 0.000000000000000000e+00 5.282502920209364294e-01
1.294643000000000044e-01 1.852948327609524219e-30 9.976470779112828376e-04 0.000000000000000000e+00 0.000000000000000000e+00 5.073834633683288464e-01
1.324799000000000115e-01 2.826018570720473000e-29 1.013656376477945322e-03 0.000000000000000000e+00 0.000000000000000000e+00 4.925149876995515430e-01
1.355657999999999863e-01 3.600484379613078509e-28 9.986936656799353697e-04 0.000000000000000000e+00 0.000000000000000000e+00 4.784130097605827636e-01
1.387234999999999996e-01 3.881585538075929407e-27 8.714893804866629323e-04 0.000000000000000000e+00 0.000000000000000000e+00 4.649334953019050864e-01
1.419547999999999921e-01 3.587161288966078236e-26 8.687797076814894430e-04 0.000000000000000000e+00 0.000000000000000000e+00 4.524507713651421126e-01
1.452613000000000099e-01 2.911563466234657334e-25 9.002698825348490023e-04 0.000000000000000000e+00 0.000000000000000000e+00 4.467407377163571947e-01
1.486448999999999965e-01 2.188238568263373690e-24 8.734616652618055685e-04 0.000000000000000000e+00 0.000000000000000000e+00 4.670496840417783235e-01
1.521073000000000008e-01 1.473113248296813149e-23 8.847034917186904265e-04 0.000000000000000000e+00 0.000000000000000000e+00 4.954513764134077514e-01
1.556502999999999914e-01 7.892322080495452503e-23 9.032612888713720646e-04 0.000000000000000000e+00 0.000000000000000000e+00 4.697834739172880858e-01
1.592758999999999980e-01 3.540115901384984438e-22 9.225724010625210598e-04 0.000000000000000000e+00 0.000000000000000000e+00 4.155975738474295689e-01
1.629858999999999891e-01 1.517257983242268476e-21 9.428401334435676301e-04 0.000000000000000000e+00 0.000000000000000000e+00 3.887107114692895382e-01
1.667822999999999944e-01 6.136519163921664698e-21 9.641724423984556619e-04 0.000000000000000000e+00 0.000000000000000000e+00 3.771872602752295855e-01
1.706671999999999911e-01 2.283005632392190056e-20 9.896820310541464254e-04 0.000000000000000000e+00 0.000000000000000000e+00 3.672198021278983981e-01
1.746425000000000061e-01 8.079719801728435067e-20 1.026127424609836599e-03 0.000000000000000000e+00 0.000000000000000000e+00 3.574372424153466898e-01
1.787104999999999944e-01 2.750514115626717997e-19 1.065480308291159904e-03 0.000000000000000000e+00 0.000000000000000000e+00 3.475992058348101321e-01
1.828732000000000135e-01 9.005726992155396980e-19 1.128662077349325841e-03 0.000000000000000000e+00 0.000000000000000000e+00 3.376756857175103321e-01
1.871327999999999880e-01 2.838446960956901849e-18 1.205348200386794797e-03 0.000000000000000000e+00 0.000000000000000000e+00 3.278072539146892894e-01
1.914916999999999869e-01 8.628051775453410243e-18 1.307300663885907792e-03 0.000000000000000000e+00 0.000000000000000000e+00 3.181691731783444776e-01
1.959520999999999902e-01 2.535560283595754052e-17 1.453255661278618971e-03 0.000000000000000000e+00 0.000000000000000000e+00 3.086464443452313633e-01
2.005164999999999864e-01 7.239258419683890229e-17 1.605190646853531721e-03 0.000000000000000000e+00 0.000000000000000000e+00 2.992556360118305836e-01
2.051871000000000111e-01 2.024750557079665144e-16 1.763786631191515764e-03 0.000000000000000000e+00 0.000000000000000000e+00 2.902826516542865165e-01
2.099665000000000004e-01 5.602744197942568161e-16 1.925232921858135863e-03 0.000000000000000000e+00 0.000000000000000000e+00 2.818481462745766608e-01
2.148573000000000011e-01 1.549745206492404200e-15 2.072880726449969659e-03 0.000000000000000000e+00 0.000000000000000000e+00 2.740465244698997993e-01
2.198618999999999990e-01 4.323834797600705409e-15 2.203422113017140804e-03 0.000000000000000000e+00 0.000000000000000000e+00 2.672097414760125078e-01
2.249831999999999943e-01 1.221203812983255626e-14 2.205163014810450177e-03 0.000000000000000000e+00 0.000000000000000000e+00 2.614802685729041842e-01
2.302237000000000033e-01 3.480548886915315948e-14 2.175190197590022058e-03 0.000000000000000000e+00 0.000000000000000000e+00 2.567358296392184824e-01
2.355862999999999985e-01 9.931784692239993200e-14 2.105531201781956491e-03 0.000000000000000000e+00 0.000000000000000000e+00 2.527719837151564120e-01
2.410738000000000048e-01 2.810320606487347957e-13 2.091054401478918429e-03 0.000000000000000000e+00 0.000000000000000000e+00 2.493628030611264590e-01
2.466890999999999945e-01 7.817976918726872884e-13 2.263793076519344735e-03 0.000000000000000000e+00 0.000000000000000000e+00 2.463114019752540851e-01
2.524352999999999736e-01 2.126188546960680159e-12 2.603338872816462948e-03 0.000000000000000000e+00 0.000000000000000000e+00 2.436117300258840435e-01
2.583152000000000226e-01 5.651542593384879783e-12 3.179894326119461680e-03 0.000000000000000000e+00 0.000000000000000000e+00 2.419724473302371781e-01
2.643322000000000171e-01 1.520785450370657112e-11 4.458972409955912382e-03 0.000000000000000000e+00 0.000000000000000000e+00 2.503379756889902996e-01
2.704892999999999881e-01 4.387101429270832550e-11 6.137512478117728050e-03 0.000000000000000000e+00 0.000000000000000000e+00 2.856583661064835411e-01
2.767897999999999747e-01 1.169515785717630467e-10 8.045913136229118287e-03 0.000000000000000000e+00 0.000000000000000000e+00 3.096699527186911327e-01
2.832370000000000165e-01 2.495768903590039149e-10 1.055323930652150681e-02 0.000000000000000000e+00 0.000000000000000000e+00 2.759524503698617681e-01
2.898344999999999949e-01 4.924619679329070414e-10 1.367515515987347864e-02 0.000000000000000000e+00 0.000000000000000000e+00 2.331818834110723215e-01
2.965856000000000048e-01 1.049329456005134549e-09 1.713562733862945484e-02 0.000000000000000000e+00 0.000000000000000000e+00 2.179338436064895967e-01
3.034938999999999831e-01 2.265513191550126035e-09 1.949698382079196463e-02 0.000000000000000000e+00 0.000000000000000000e+00 2.111262641804894646e-01
3.105631999999999837e-01 4.785310265385407159e-09 2.288828495178377859e-02 0.000000000000000000e+00 0.000000000000000000e+00 2.044735148848731698e-01
3.177972000000000019e-01 9.874856682491492877e-09 3.189495725016228134e-02 0.000000000000000000e+00 0.000000000000000000e+00 1.974963360302803284e-01
3.251995999999999776e-01 1.994195620998283925e-08 3.585858443020239344e-02 0.000000000000000000e+00 0.000000000000000000e+00 1.903934296427142459e-01
3.327744999999999731e-01 3.448315398059054567e-08 3.807659278738614178e-02 0.000000000000000000e+00 0.000000000000000000e+00 1.832651716783072482e-01
3.405257999999999896e-01 4.614469679037311643e-08 4.054167492828875813e-02 0.000000000000000000e+00 0.000000000000000000e+00 1.761248877908831445e-01
3.484576999999999813e-01 5.827127046516774999e-08 4.471722415240601822e-02 0.000000000000000000e+00 0.000000000000000000e+00 1.690876977243281343e-01
3.565743000000000107e-01 7.108429180736975590e-08 4.592460870885840124e-02 0.000000000000000000e+00 0.000000000000000000e+00 1.621048799157990827e-01
3.648799999999999821e-01 8.577727637973074294e-08 5.680200103498016240e-02 0.000000000000000000e+00 0.000000000000000000e+00 1.552271479417850486e-01
3.733791000000000193e-01 1.044432335530753004e-07 6.005103200044702855e-02 0.000000000000000000e+00 0.000000000000000000e+00 1.484822228260352650e-01
3.820761999999999770e-01 1.301693390371809526e-07 5.165064088887202226e-02 0.000000000000000000e+00 0.000000000000000000e+00 1.418517652998459166e-01
3.909758999999999873e-01 1.676028759593532402e-07 6.100071796357882381e-02 0.000000000000000000e+00 0.000000000000000000e+00 1.353981863140244490e-01
4.000829000000000191e-01 2.238387496732540659e-07 1.024172929815786587e-01 0.000000000000000000e+00 0.000000000000000000e+00 1.291625122502947087e-01
4.094020999999999910e-01 3.100303722271168006e-07 1.233873895359929862e-01 0.000000000000000000e+00 0.000000000000000000e+00 1.232026896407922845e-01
4.189382999999999857e-01 4.438039209356357392e-07 1.250247888312730482e-01 0.000000000000000000e+00 0.000000000000000000e+00 1.175699942406944892e-01
4.286965999999999832e-01 6.527069663089301528e-07 1.374332806134370422e-01 0.000000000000000000e+00 0.000000000000000000e+00 1.122833891998027689e-01
4.386822000000000221e-01 9.792759393474223728e-07 1.625962666072276741e-01 0.000000000000000000e+00 0.000000000000000000e+00 1.073747841618184207e-01
4.489003999999999772e-01 1.498287167559883959e-06 1.885228534142844026e-01 0.000000000000000000e+00 0.000000000000000000e+00 1.036141040256592927e-01
4.593567000000000067e-01 2.482527153598732946e-06 2.062949117384887399e-01 0.000000000000000000e+00 0.000000000000000000e+00 1.079954055242065836e-01
4.700563999999999854e-01 4.780942596616812120e-06 2.144939589860908324e-01 0.000000000000000000e+00 0.000000000000000000e+00 1.314304325301082765e-01
4.810054999999999747e-01 8.240770809266592857e-06 2.276250758831193655e-01 0.000000000000000000e+00 0.000000000000000000e+00 1.446961913497818164e-01
4.922095000000000220e-01 1.049597787348543507e-05 2.265095274963756233e-01 0.000000000000000000e+00 0.000000000000000000e+00 1.195468074333547043e-01
5.036745999999999723e-01 1.221150316374272045e-05 2.206467452120281503e-01 0.000000000000000000e+00 0.000000000000000000e+00 9.193872183985674074e-02
5.154066000000000480e-01 1.646272498002761955e-05 2.144330739023084242e-01 0.000000000000000000e+00 0.000000000000000000e+00 8.365435736639811881e-02
5.274119999999999919e-01 2.313791150005107164e-05 2.420786408503766418e-01 0.000000000000000000e+00 0.000000000000000000e+00 8.107477739032947772e-02
5.396969999999999823e-01 3.202297573503381909e-05 2.555330575271190230e-01 0.000000000000000000e+00 0.000000000000000000e+00 7.900754815464974823e-02
5.522681999999999869e-01 4.355752143202015086e-05 2.637561802607977235e-01 0.000000000000000000e+00 0.000000000000000000e+00 7.714303507785760794e-02
5.651321999999999734e-01 5.836700337651676371e-05 2.736175513508389279e-01 0.000000000000000000e+00 0.000000000000000000e+00 7.546873953015231784e-02
5.782958000000000265e-01 7.727424427762501625e-05 2.757521904906208299e-01 0.000000000000000000e+00 0.000000000000000000e+00 7.396743009898969212e-02
5.917660000000000142e-01 1.014065373656599289e-04 2.811720426853145938e-01 0.000000000000000000e+00 0.000000000000000000e+00 7.261999569742644267e-02
6.055500000000000327e-01 1.335095009410065565e-04 3.061138486422583793e-01 0.000000000000000000e+00 0.000000000000000000e+00 7.203347620718615618e-02
6.196551000000000142e-01 1.926816006093961143e-04 3.042880438619714467e-01 0.000000000000000000e+00 0.000000000000000000e+00 7.860089423879373927e-02
6.340886999999999496e-01 3.362905778399108425e-04 2.974674390457818229e-01 0.000000000000000000e+00 0.000000000000000000e+00 1.037481210250151969e-01
6.488585000000000047e-01 5.171983953493922929e-04 3.141420542085519019e-01 0.000000000000000000e+00 0.000000000000000000e+00 1.203529899102365186e-01
6.639724000000000181e-01 5.601632960634112240e-04 3.258523580848767254e-01 0.000000000000000000e+00 0.000000000000000000e+00 9.782881927113670772e-02
6.794383000000000505e-01 5.428301735191233372e-04 3.291240426503806438e-01 0.000000000000000000e+00 0.000000000000000000e+00 7.066678803073317416e-02
6.952644000000000046e-01 6.505176258862879800e-04 3.385180090218515292e-01 0.000000000000000000e+00 0.000000000000000000e+00 6.263056855386650579e-02
7.114591999999999583e-01 8.556955732803187909e-04 3.318760282043225485e-01 0.000000000000000000e+00 0.000000000000000000e+00 6.043039005130996372e-02
7.280311999999999895e-01 1.140249539693544492e-03 3.417848096727495455e-01 0.000000000000000000e+00 0.000000000000000000e+00 5.861045546276478363e-02
7.449892999999999654e-01 1.530400603987994938e-03 3.728868795926899016e-01 0.000000000000000000e+00 0.000000000000000000e+00 5.688448801653675502e-02
7.623423000000000282e-01 2.066775787156080197e-03 3.695273473716668700e-01 0.000000000000000000e+00 0.000000000000000000e+00 5.530426897471139858e-02
7.800994999999999457e-01 2.802933142295734731e-03 3.554032163958801283e-01 0.000000000000000000e+00 0.000000000000000000e+00 5.390646385827202458e-02
7.982704000000000466e-01 3.805117808611665261e-03 3.527404607918046553e-01 0.000000000000000000e+00 0.000000000000000000e+00 5.269715615463075459e-02
8.168644999999999934e-01 5.149721381999384714e-03 3.781032446488964971e-01 0.000000000000000000e+00 0.000000000000000000e+00 5.167272259251551314e-02
8.358917000000000153e-01 6.914234894647893100e-03 3.843627894970156889e-01 0.000000000000000000e+00 0.000000000000000000e+00 5.082289489744021976e-02
8.553621000000000141e-01 9.158824704138852565e-03 3.763678250922506408e-01 0.000000000000000000e+00 0.000000000000000000e+00 5.013335417069184063e-02
8.752860999999999558e-01 1.189935634334866529e-02 4.079710324775561170e-01 0.000000000000000000e+00 0.000000000000000000e+00 4.960022049359072427e-02
8.956741000000000286e-01 1.506756473402871312e-02 4.130944377688696711e-01 0.000000000000000000e+00 0.000000000000000000e+00 4.921806979810765259e-02
9.165370000000000461e-01 1.865142702228197308e-02 4.257428129958850116e-01 0.000000000000000000e+00 0.000000000000000000e+00 4.896862797759259089e-02
9.378859000000000501e-01 2.291066723683146678e-02 4.081927800032422726e-01 0.000000000000000000e+00 0.000000000000000000e+00 4.884494434454972334e-02
9.597320999999999769e-01 2.799757790808552957e-02 4.153200653029389677e-01 0.000000000000000000e+00 0.000000000000000000e+00 4.883926773877190347e-02
9.820870999999999906e-01 3.403536536739527885e-02 4.260981933907236341e-01 0.000000000000000000e+00 0.000000000000000000e+00 4.893469971850986089e-02
1.004963000000000051e+00 4.115298742175155233e-02 4.460460870100894648e-01 0.000000000000000000e+00 0.000000000000000000e+00 4.911128888046094321e-02
1.028370999999999924e+00 4.948928960057075860e-02 4.471635308531218822e-01 0.000000000000000000e+00 0.000000000000000000e+00 4.935476182037402959e-02
1.052324999999999955e+00 5.921055326754950943e-02 4.404663915134875984e-01 0.000000000000000000e+00 0.000000000000000000e+00 4.966976466779633032e-02
1.076837000000000044e+00 7.048646484734170936e-02 4.316602304469467910e-01 0.000000000000000000e+00 0.000000000000000000e+00 5.005043602885662218e-02
1.101920000000000011e+00 8.349038425786713125e-02 4.225242788534790406e-01 0.000000000000000000e+00 0.000000000000000000e+00 5.048731322079545725e-02
1.127586999999999895e+00 9.843194265087418238e-02 4.169619357158572126e-01 0.000000000000000000e+00 0.000000000000000000e+00 5.098755115762652890e-02
1.153852000000000100e+00 1.155774190719653510e-01 4.170670307089048290e-01 0.000000000000000000e+00 0.000000000000000000e+00 5.157385959782963269e-02
1.180728000000000000e+00 1.352421479538392091e-01 4.095749455716096721e-01 0.000000000000000000e+00 0.000000000000000000e+00 5.227023648540594924e-02
1.208231000000000055e+00 1.577387763278962074e-01 4.063146469363131397e-01 0.000000000000000000e+00 0.000000000000000000e+00 5.308087463258637922e-02
1.236374000000000084e+00 1.834126148971325365e-01 4.057874593168897537e-01 0.000000000000000000e+00 0.000000000000000000e+00 5.401007407540236310e-02
1.265173000000000103e+00 2.126311065168042247e-01 4.003031736086601899e-01 0.000000000000000000e+00 0.000000000000000000e+00 5.505888994217273541e-02
1.294642999999999988e+00 2.457888017600274866e-01 3.966746188320743882e-01 0.000000000000000000e+00 0.000000000000000000e+00 5.622768245323393060e-02
1.324799000000000060e+00 2.833492328252601999e-01 3.904246654767655200e-01 0.000000000000000000e+00 0.000000000000000000e+00 5.752491233432858314e-02
1.355658000000000030e+00 3.258864710346225380e-01 3.836306468889281174e-01 0.000000000000000000e+00 0.000000000000000000e+00 5.897028294110965435e-02
1.387234999999999996e+00 3.740016414916031429e-01 3.763648739994082670e-01 0.000000000000000000e+00 0.000000000000000000e+00 6.057477211065475514e-02
1.419548000000000032e+00 4.283056230722994684e-01 3.645624011428781341e-01 0.000000000000000000e+00 0.000000000000000000e+00 6.234128121311802162e-02
1.452612999999999932e+00 4.894783743867502923e-01 3.696556377789315118e-01 0.000000000000000000e+00 0.000000000000000000e+00 6.427581903210492775e-02
1.486448999999999909e+00 5.582341474633834011e-01 3.718347941688754932e-01 0.000000000000000000e+00 0.000000000000000000e+00 6.638190618908544616e-02
1.521072999999999897e+00 6.352465294801389328e-01 3.884061114895240863e-01 0.000000000000000000e+00 0.000000000000000000e+00 6.865349724627382855e-02
1.556502999999999970e+00 7.213207504491645494e-01 3.899395589669026885e-01 0.000000000000000000e+00 0.000000000000000000e+00 7.109623623232617928e-02
1.592759000000000036e+00 8.172325006962544158e-01 3.801145067670248512e-01 0.000000000000000000e+00 0.000000000000000000e+00 7.370847550086559452e-02
1.629858999999999947e+00 9.236035562983792024e-01 3.867202677696456314e-01 0.000000000000000000e+00 0.000000000000000000e+00 7.647400307105958750e-02
1.667823000000000055e+00 1.040780629074623098e+00 3.878958135614120617e-01 0.000000000000000000e+00 0.000000000000000000e+00 7.935889617830629850e-02
1.706671999999999967e+00 1.169173590747605962e+00 3.815534640221724394e-01 0.000000000000000000e+00 0.000000000000000000e+00 8.234290265842746093e-02
1.746424999999999894e+00 1.309197645660369336e+00 3.604076679009088346e-01 0.000000000000000000e+00 0.000000000000000000e+00 8.541188587112555353e-02
1.787104999999999944e+00 1.460935410986771821e+00 3.349278483999759137e-01 0.000000000000000000e+00 0.000000000000000000e+00 8.853592222802762757e-02
1.828732000000000024e+00 1.623938680179345173e+00 3.126307899463746653e-01 0.000000000000000000e+00 0.000000000000000000e+00 9.166404060200222803e-02
1.871328000000000102e+00 1.797750960955774469e+00 2.940531592388455073e-01 0.000000000000000000e+00 0.000000000000000000e+00 9.475951398384231672e-02
1.914916999999999980e+00 1.981963968433138046e+00 2.808915818765205796e-01 0.000000000000000000e+00 0.000000000000000000e+00 9.779916692311875492e-02
1.959521000000000068e+00 2.175684511922427511e+00 2.646486765461493196e-01 0.000000000000000000e+00 0.000000000000000000e+00 1.007451676508142602e-01
2.005164999999999864e+00 2.378864933089561706e+00 2.521792563786322550e-01 0.000000000000000000e+00 0.000000000000000000e+00 1.036076537120086821e-01
2.051870999999999778e+00 2.591867465186594721e+00 2.441508292088269139e-01 0.000000000000000000e+00 0.000000000000000000e+00 1.064135356907196239e-01
2.099664999999999893e+00 2.815384828340250500e+00 2.372505408082778711e-01 0.000000000000000000e+00 0.000000000000000000e+00 1.091985615095328738e-01
2.148572999999999844e+00 3.049374674686305742e+00 2.301429673175791890e-01 0.000000000000000000e+00 0.000000000000000000e+00 1.119654661446119470e-01
2.198618999999999879e+00 3.293300035085824806e+00 2.206736662347081046e-01 0.000000000000000000e+00 0.000000000000000000e+00 1.147004488892188617e-01
2.249832000000000054e+00 3.546104369669716316e+00 2.108688883191352781e-01 0.000000000000000000e+00 0.000000000000000000e+00 1.173763720107565967e-01
2.302236999999999867e+00 3.805859577727097154e+00 1.839292891837245314e-01 0.000000000000000000e+00 0.000000000000000000e+00 1.199448842461033754e-01
2.355862999999999818e+00 4.073581441102202660e+00 1.592867747534894018e-01 0.000000000000000000e+00 0.000000000000000000e+00 1.224560790306929020e-01
2.410737999999999825e+00 4.348343514080789340e+00 1.443857915005034021e-01 0.000000000000000000e+00 0.000000000000000000e+00 1.248963461305316047e-01
2.466890999999999945e+00 4.627333589866296393e+00 1.265267047861207694e-01 0.000000000000000000e+00 0.000000000000000000e+00 1.272033119819565294e-01
2.524353000000000069e+00 4.909010109793622512e+00 1.108573998939689498e-01 0.000000000000000000e+00 0.000000000000000000e+00 1.293590578771448563e-01
2.583152000000000115e+00 5.192310136266062415e+00 1.109048710608294824e-01 0.000000000000000000e+00 0.000000000000000000e+00 1.313612263233081279e-01
2.643321999999999949e+00 5.476728531318485693e+00 1.088996630675821420e-01 0.000000000000000000e+00 0.000000000000000000e+00 1.332218488753170726e-01
2.704893000000000214e+00 5.761748544825399776e+00 1.063779235476760843e-01 0.000000000000000000e+00 0.000000000000000000e+00 1.349512150285917811e-01
2.767898000000000192e+00 6.048676182065927165e+00 1.027572874945691939e-01 0.000000000000000000e+00 0.000000000000000000e+00 1.365994931675570123e-01
2.832370000000000054e+00 6.338288452052597499e+00 9.892708328099972248e-02 0.000000000000000000e+00 0.000000000000000000e+00 1.381984725630691080e-01
2.898344999999999949e+00 6.631700166541889097e+00 9.455418527175703247e-02 0.000000000000000000e+00 0.000000000000000000e+00 1.397828467431521393e-01
2.965856000000000048e+00 6.932312434630687470e+00 9.008382504446252326e-02 0.000000000000000000e+00 0.000000000000000000e+00 1.414294779055515205e-01
3.034939000000000053e+00 7.241151963634499644e+00 8.621099891440291152e-02 0.000000000000000000e+00 0.000000000000000000e+00 1.431587405185456574e-01
3.105631999999999948e+00 7.556070227956925400e+00 8.315113990225854457e-02 0.000000000000000000e+00 0.000000000000000000e+00 1.449277036333939950e-01
3.177972000000000019e+00 7.875011703190900825e+00 7.989220419261883199e-02 0.000000000000000000e+00 0.000000000000000000e+00 1.467001613508399083e-01
3.251996000000000109e+00 8.197652945922012435e+00 7.661437214123684170e-02 0.000000000000000000e+00 0.000000000000000000e+00 1.484752919522514814e-01
3.327745000000000175e+00 8.518633810003132467e+00 7.299438365531185635e-02 0.000000000000000000e+00 0.000000000000000000e+00 1.501635111579561477e-01
3.405257999999999896e+00 8.833229461700373264e+00 6.914475467630749883e-02 0.000000000000000000e+00 0.000000000000000000e+00 1.516953029248012397e-01
3.484576999999999813e+00 9.136172212950002702e+00 6.526583608796134028e-02 0.000000000000000000e+00 0.000000000000000000e+00 1.529987269693555141e-01
3.565742999999999885e+00 9.425282395881746211e+00 6.132523312173237401e-02 0.000000000000000000e+00 0.000000000000000000e+00 1.540588212955449066e-01
3.648800000000000043e+00 9.699843272291024832e+00 5.744488360598175303e-02 0.000000000000000000e+00 0.000000000000000000e+00 1.548848152267435774e-01
3.733791000000000082e+00 9.959383008155793249e+00 5.346272179279618064e-02 0.000000000000000000e+00 0.000000000000000000e+00 1.554883311328199014e-01
3.820762000000000214e+00 1.020557385318186761e+01 4.994837973997345859e-02 0.000000000000000000e+00 0.000000000000000000e+00 1.559121347392032064e-01
3.909759000000000206e+00 1.044198126343062150e+01 4.635582726972203166e-02 0.000000000000000000e+00 0.000000000000000000e+00 1.562231691094632113e-01
4.000829000000000413e+00 1.067313311954965016e+01 4.282166352948699184e-02 0.000000000000000000e+00 0.000000000000000000e+00 1.564966162435360297e-01
4.094020999999999688e+00 1.090681185838248091e+01 3.973965123310090053e-02 0.000000000000000000e+00 0.000000000000000000e+00 1.568482792898333866e-01
4.189383000000000301e+00 1.115096652721842574e+01 3.691110229296575701e-02 0.000000000000000000e+00 0.000000000000000000e+00 1.573874837611934641e-01
4.286965999999999610e+00 1.141104946249393315e+01 3.335771783444940741e-02 0.000000000000000000e+00 0.000000000000000000e+00 1.581811308308939401e-01
4.386822000000000443e+00 1.169069376231697355e+01 2.889136586352452490e-02 0.000000000000000000e+00 0.000000000000000000e+00 1.592669581634344189e-01
4.489004000000000438e+00 1.199181707475904268e+01 2.608032250373471320e-02 0.000000000000000000e+00 0.000000000000000000e+00 1.606575892878061851e-01
4.593567000000000178e+00 1.231599119772903528e+01 2.429179490403093541e-02 0.000000000000000000e+00 0.000000000000000000e+00 1.623607376162496674e-01
4.700563999999999965e+00 1.266342118406365458e+01 2.297890974332254463e-02 0.000000000000000000e+00 0.000000000000000000e+00 1.643663875284070985e-01
4.810055000000000192e+00 1.303107309141072889e+01 2.164928272698576905e-02 0.000000000000000000e+00 0.000000000000000000e+00 1.666242058768934720e-01
4.922094999999999665e+00 1.341134112803681866e+01 2.026760510233103010e-02 0.000000000000000000e+00 0.000000000000000000e+00 1.690296045428253124e-01
5.036745999999999945e+00 1.379752360603556660e+01 1.902696399769453553e-02 0.000000000000000000e+00 0.000000000000000000e+00 1.714953910914870927e-01
5.154066000000000258e+00 1.418503764538380629e+01 1.783455805978311284e-02 0.000000000000000000e+00 0.000000000000000000e+00 1.739651784742240193e-01
5.274119999999999919e+00 1.456531018971042890e+01 1.674790103415771045e-02 0.000000000000000000e+00 0.000000000000000000e+00 1.763371781716426001e-01
5.396969999999999601e+00 1.493360254433367729e+01 1.571824776943223784e-02 0.000000000000000000e+00 0.000000000000000000e+00 1.785603923334302401e-01
5.522681999999999647e+00 1.528725303612116626e+01 1.474204602976643928e-02 0.000000000000000000e+00 0.000000000000000000e+00 1.806105205059430341e-01
5.651322000000000401e+00 1.562303583200643864e+01 1.380114624314577806e-02 0.000000000000000000e+00 0.000000000000000000e+00 1.824574336619635972e-01
5.782957999999999821e+00 1.593828660598972036e+01 1.292752149372201897e-02 0.000000000000000000e+00 0.000000000000000000e+00 1.840784327842877321e-01
5.917659999999999698e+00 1.623325721848663505e+01 1.205907643026693857e-02 0.000000000000000000e+00 0.000000000000000000e+00 1.854846792509765030e-01
6.055500000000000327e+00 1.650916030594358475e+01 1.126236640698788372e-02 0.000000000000000000e+00 0.000000000000000000e+00 1.866972865146219185e-01
6.196551000000000364e+00 1.676585183986317418e+01 1.053806357104752553e-02 0.000000000000000000e+00 0.000000000000000000e+00 1.877209199241837712e-01
6.340887000000000384e+00 1.700291350238260790e+01 9.853338361428445880e-03 0.000000000000000000e+00 0.000000000000000000e+00 1.885566520533896728e-01
6.488584999999999603e+00 1.722034404925436490e+01 9.220478441953641052e-03 0.000000000000000000e+00 0.000000000000000000e+00 1.892097470751736288e-01
6.639724000000000181e+00 1.741612377194135064e+01 8.630436126459615359e-03 0.000000000000000000e+00 0.000000000000000000e+00 1.896629650935150735e-01
6.794382999999999839e+00 1.758661537039421674e+01 8.072379844782326744e-03 0.000000000000000000e+00 0.000000000000000000e+00 1.898818765321695912e-01
6.952644000000000268e+00 1.772956944913902788e+01 7.551353277820934025e-03 0.000000000000000000e+00 0.000000000000000000e+00 1.898477229962786395e-01
7.114592000000000027e+00 1.784832476808052348e+01 7.058852416691911887e-03 0.000000000000000000e+00 0.000000000000000000e+00 1.896013454189599823e-01
7.280312000000000339e+00 1.794838804615794103e+01 6.593675523360540899e-03 0.000000000000000000e+00 0.000000000000000000e+00 1.892048194466165734e-01
7.449893000000000320e+00 1.803432512272187083e+01 6.153427237716632345e-03 0.000000000000000000e+00 0.000000000000000000e+00 1.887082463838020141e-01
7.623422999999999838e+00 1.811605824475655169e+01 5.747651794745867529e-03 0.000000000000000000e+00 0.000000000000000000e+00 1.882157501356986062e-01
7.800995000000000346e+00 1.820869048647355015e+01 5.366066817151326704e-03 0.000000000000000000e+00 0.000000000000000000e+00 1.878819291071408271e-01
7.982704000000000022e+00 1.831990915840901479e+01 5.008782881317337503e-03 0.000000000000000000e+00 0.000000000000000000e+00 1.877812919393521407e-01
8.168644999999999712e+00 1.845279347483312904e+01 4.677523305170679796e-03 0.000000000000000000e+00 0.000000000000000000e+00 1.879397092983862150e-01
8.358916999999999931e+00 1.861164388435895489e+01 4.368774836105455452e-03 0.000000000000000000e+00 0.000000000000000000e+00 1.883950504129043024e-01
8.553620999999999697e+00 1.880213674401857205e+01 4.083212746722250132e-03 0.000000000000000000e+00 0.000000000000000000e+00 1.891984247702080679e-01
8.752860999999999336e+00 1.902377669163541896e+01 3.817028126972465615e-03 0.000000000000000000e+00 0.000000000000000000e+00 1.903383477355077846e-01
8.956740999999999175e+00 1.927032526707245452e+01 3.568381928922003364e-03 0.000000000000000000e+00 0.000000000000000000e+00 1.917468017977903005e-01
9.165369999999999351e+00 1.953095042177120533e+01 3.336928366921184698e-03 0.000000000000000000e+00 0.000000000000000000e+00 1.933120763279564114e-01
9.378859000000000279e+00 1.979141402680103567e+01 3.121023257393786086e-03 0.000000000000000000e+00 0.000000000000000000e+00 1.948914498339368029e-01
9.597321000000000879e+00 2.003509399773517785e+01 2.918223281790842134e-03 0.000000000000000000e+00 0.000000000000000000e+00 1.963217787510248002e-01
9.820871000000000350e+00 2.025125936109605007e+01 2.708595649597999363e-03 0.000000000000000000e+00 0.000000000000000000e+00 1.975004569972634016e-01
1.004963000000000051e+01 2.043652309129103628e+01 2.494392929830069935e-03 0.000000000000000000e+00 0.000000000000000000e+00 1.983978946797436416e-01
1.028370999999999924e+01 2.058425060745186741e+01 2.327359413427648651e-03 0.000000000000000000e+00 0.000000000000000000e+00 1.989534004967286052e-01
1.052325000000000088e+01 2.069217362214343225e+01 2.168255494648546090e-03 0.000000000000000000e+00 0.000000000000000000e+00 1.991490885508740982e-01
1.076837000000000089e+01 2.075853509269392916e+01 2.020022444580349321e-03 0.000000000000000000e+00 0.000000000000000000e+00 1.989719825910172268e-01
1.101919999999999966e+01 2.078368439856388505e+01 1.881921214714953224e-03 0.000000000000000000e+00 0.000000000000000000e+00 1.984291394044596368e-01
1.127586999999999939e+01 2.076403309283318421e+01 1.753260773475379640e-03 0.000000000000000000e+00 0.000000000000000000e+00 1.974897787825778406e-01
1.153852000000000011e+01 2.070706225385685073e+01 1.633395757736488514e-03 0.000000000000000000e+00 0.000000000000000000e+00 1.962282132802506407e-01
1.180728000000000044e+01 2.066173678038297368e+01 1.521714975047554382e-03 0.000000000000000000e+00 0.000000000000000000e+00 1.951091770450143759e-01
1.208230999999999966e+01 2.065658104820228402e+01 1.417666712879731743e-03 0.000000000000000000e+00 0.000000000000000000e+00 1.943985329748167679e-01
1.236373999999999995e+01 2.072425063749151875e+01 1.320729309940339106e-03 0.000000000000000000e+00 0.000000000000000000e+00 1.943975445744439701e-01
1.265173000000000059e+01 2.087929283070048569e+01 1.230402667958001859e-03 0.000000000000000000e+00 0.000000000000000000e+00 1.952346482157287511e-01
1.294642999999999944e+01 2.110741774964824913e+01 1.146246255452136077e-03 0.000000000000000000e+00 0.000000000000000000e+00 1.967683631486507601e-01
1.324798999999999971e+01 2.141201880807938807e+01 1.067831929134506735e-03 0.000000000000000000e+00 0.000000000000000000e+00 1.990237544481877063e-01
1.355658000000000030e+01 2.185645854781592590e+01 9.947693368632273651e-04 0.000000000000000000e+00 0.000000000000000000e+00 2.025818564147950640e-01
1.387235000000000085e+01 2.251425270253448474e+01 9.266906472136165552e-04 0.000000000000000000e+00 0.000000000000000000e+00 2.081116446937801012e-01
1.419547999999999988e+01 2.348612634273015587e+01 8.632586028815493646e-04 0.000000000000000000e+00 0.000000000000000000e+00 2.165266431556833460e-01
1.452613000000000021e+01 2.474561991013183260e+01 8.041566300421465908e-04 0.000000000000000000e+00 0.000000000000000000e+00 2.275625757767550661e-01
1.486448999999999998e+01 2.612041307288918901e+01 7.490914937442499271e-04 0.000000000000000000e+00 0.000000000000000000e+00 2.396210879589891762e-01
1.521072999999999986e+01 2.739376955919174605e+01 6.977909190717416707e-04 0.000000000000000000e+00 0.000000000000000000e+00 2.507135295259317886e-01
1.556503000000000014e+01 2.840369720119644015e+01 6.499965214698108160e-04 0.000000000000000000e+00 0.000000000000000000e+00 2.593695030632261478e-01
1.592759000000000036e+01 2.912318236250935399e+01 6.054750372461064397e-04 0.000000000000000000e+00 0.000000000000000000e+00 2.653607365160924880e-01
1.629859000000000080e+01 2.957022347634330828e+01 5.640043385735996062e-04 0.000000000000000000e+00 0.000000000000000000e+00 2.688689644038879112e-01
1.667822999999999922e+01 2.972478876544047566e+01 5.253811600318613554e-04 0.000000000000000000e+00 0.000000000000000000e+00 2.697281415385525682e-01
1.706672000000000011e+01 2.952560675046720462e+01 4.894146958979292070e-04 0.000000000000000000e+00 0.000000000000000000e+00 2.673989537234334191e-01
1.746424999999999983e+01 2.892064972082191332e+01 4.559299565952794342e-04 0.000000000000000000e+00 0.000000000000000000e+00 2.614286125623385137e-01
1.787105000000000032e+01 2.791761669730314210e+01 4.247643991438146264e-04 0.000000000000000000e+00 0.000000000000000000e+00 2.519052983886414521e-01
1.828732000000000113e+01 2.652105291260189901e+01 3.957677486981955569e-04 0.000000000000000000e+00 0.000000000000000000e+00 2.388868381585858014e-01
1.871328000000000102e+01 2.490350378051259383e+01 3.687954713188234287e-04 0.000000000000000000e+00 0.000000000000000000e+00 2.239401580244519130e-01
1.914917000000000158e+01 2.331788519651717806e+01 3.437115501652145090e-04 0.000000000000000000e+00 0.000000000000000000e+00 2.093424566165595635e-01
1.959521000000000157e+01 2.205706105990804033e+01 3.203843825117247152e-04 0.000000000000000000e+00 0.000000000000000000e+00 1.977142765219450371e-01
2.005164999999999864e+01 2.134736932753040861e+01 2.986893639922192181e-04 0.000000000000000000e+00 0.000000000000000000e+00 1.910652215926478548e-01
2.051870999999999867e+01 2.140399421426143434e+01 2.785084439330800859e-04 0.000000000000000000e+00 0.000000000000000000e+00 1.912946243406581093e-01
2.099664999999999893e+01 2.222462510968212257e+01 2.597330658332762778e-04 0.000000000000000000e+00 0.000000000000000000e+00 1.983517108490357450e-01
2.148573000000000022e+01 2.375686641603555316e+01 2.422579130751502461e-04 0.000000000000000000e+00 0.000000000000000000e+00 2.117416525606450606e-01
2.198619000000000057e+01 2.597417560404543124e+01 2.259882303535220020e-04 0.000000000000000000e+00 0.000000000000000000e+00 2.312042523145811379e-01
2.249831999999999965e+01 2.877550579797753727e+01 2.108343164393549924e-04 0.000000000000000000e+00 0.000000000000000000e+00 2.558199480124305758e-01
2.302236999999999867e+01 3.195099864098998665e+01 1.967151302520182127e-04 0.000000000000000000e+00 0.000000000000000000e+00 2.837089386717155937e-01
2.355863000000000085e+01 3.525983520346876787e+01 1.835547580285014032e-04 0.000000000000000000e+00 0.000000000000000000e+00 3.127267496293019700e-01
2.410737999999999914e+01 3.852313567285141005e+01 1.712844390416159784e-04 0.000000000000000000e+00 0.000000000000000000e+00 3.412878985568215673e-01
2.466891000000000034e+01 4.162608130675893392e+01 1.598409665429392323e-04 0.000000000000000000e+00 0.000000000000000000e+00 3.683807790522267700e-01
2.524352999999999980e+01 4.447179724453564376e+01 1.491660459825905121e-04 0.000000000000000000e+00 0.000000000000000000e+00 3.931563686488666609e-01
2.583152000000000115e+01 4.702139835508896937e+01 1.392064868047223551e-04 0.000000000000000000e+00 0.000000000000000000e+00 4.152807312492278191e-01
2.643321999999999861e+01 4.925658657945233898e+01 1.299133318273752301e-04 0.000000000000000000e+00 0.000000000000000000e+00 4.346022473641904527e-01
2.704892999999999859e+01 5.116905450648627607e+01 1.212413928437285489e-04 0.000000000000000000e+00 0.000000000000000000e+00 4.510572793560481686e-01
2.767897999999999925e+01 5.275604719150429389e+01 1.131487443451525938e-04 0.000000000000000000e+00 0.000000000000000000e+00 4.646306760024551119e-01
2.832369999999999877e+01 5.400384050312886330e+01 1.055963712996989100e-04 0.000000000000000000e+00 0.000000000000000000e+00 4.752101957543303223e-01
2.898345000000000127e+01 5.490148261039551159e+01 9.854826690639251479e-05 0.000000000000000000e+00 0.000000000000000000e+00 4.827077587151967775e-01
2.965856000000000137e+01 5.540850583041522981e+01 9.176626784569331279e-05 0.000000000000000000e+00 0.000000000000000000e+00 4.867756915755014901e-01
