3.034939000000000039e-02 0.000000000000000000e+00 0.000000000000000000e+00 1.055819108701237382e-06 0.000000000000000000e+00 1.290741494901904357e-41
3.105631999999999837e-02 0.000000000000000000e+00 0.000000000000000000e+00 1.128009013314216633e-06 0.000000000000000000e+00 7.432876171497316943e-39
3.177971999999999742e-02 0.000000000000000000e+00 0.000000000000000000e+00 1.150305896129409294e-06 0.000000000000000000e+00 2.741024708367312633e-36
3.251996000000000053e-02 0.000000000000000000e+00 0.000000000000000000e+00 1.211401280944391066e-06 0.000000000000000000e+00 6.663206593043462321e-34
3.327745000000000009e-02 0.000000000000000000e+00 0.000000000000000000e+00 1.241951203909703059e-06 0.000000000000000000e+00 1.101744793051138589e-31
3.405257999999999896e-02 0.000000000000000000e+00 0.000000000000000000e+00 1.246361926332536873e-06 0.000000000000000000e+00 1.272825373645579348e-29
3.484576999999999813e-02 0.000000000000000000e+00 0.000000000000000000e+00 1.305071680987369768e-06 0.000000000000000000e+00 1.053274202187114211e-27
3.565742999999999691e-02 0.000000000000000000e+00 0.000000000000000000e+00 1.688387239216631624e-06 0.000000000000000000e+00 6.383261965141378819e-26
3.648799999999999960e-02 0.000000000000000000e+00 0.000000000000000000e+00 2.363593086339144609e-06 0.000000000000000000e+00 2.890229377026500026e-24
3.733791000000000193e-02 0.000000000000000000e+00 0.000000000000000000e+00 2.511509930185705865e-06 0.000000000000000000e+00 9.999539300979724705e-23
3.820761999999999770e-02 0.000000000000000000e+00 0.000000000000000000e+00 2.263503504245831002e-06 0.000000000000000000e+00 2.693858392388377878e-21
3.909759000000000151e-02 0.000000000000000000e+00 0.000000000000000000e+00 2.733700530658255764e-06 0.000000000000000000e+00 5.750157561716452156e-20
4.000829000000000191e-02 0.000000000000000000e+00 0.000000000000000000e+00 3.538830359188161186e-06 0.000000000000000000e+00 9.875901562246332755e-19
4.094020999999999771e-02 0.000000000000000000e+00 0.000000000000000000e+00 3.937051830260490511e-06 0.000000000000000000e+00 1.383575026694691240e-17
4.189382999999999996e-02 0.000000000000000000e+00 0.000000000000000000e+00 3.770878107436801408e-06 0.000000000000000000e+00 1.606885734721957932e-16
4.286965999999999694e-02 0.000000000000000000e+00 0.000000000000000000e+00 3.611010859535598341e-06 0.000000000000000000e+00 1.567716076468065489e-15
4.386821999999999944e-02 0.000000000000000000e+00 0.000000000000000000e+00 4.019051303474202338e-06 0.000000000000000000e+00 1.300601727065327501e-14
4.489003999999999911e-02 0.000000000000000000e+00 0.000000000000000000e+00 4.237118525573502949e-06 0.000000000000000000e+00 9.273283510856590337e-14
4.593566999999999789e-02 0.000000000000000000e+00 0.000000000000000000e+00 3.930658141785102980e-06 0.000000000000000000e+00 5.735708738719279451e-13
4.700564000000000131e-02 0.000000000000000000e+00 0.000000000000000000e+00 4.007694932626476168e-06 0.000000000000000000e+00 3.113655698313823244e-12
4.810054999999999886e-02 0.000000000000000000e+00 0.000000000000000000e+00 4.294555028060508916e-06 0.000000000000000000e+00 1.497323504118323300e-11
4.922094999999999942e-02 0.000000000000000000e+00 0.000000000000000000e+00 4.116343299772908593e-06 0.000000000000000000e+00 6.433028974373358985e-11
5.036746000000000278e-02 0.000000000000000000e+00 0.000000000000000000e+00 4.600621662495275052e-06 0.000000000000000000e+00 2.487342983114758578e-10
5.154066000000000203e-02 0.000000000000000000e+00 0.000000000000000000e+00 6.645146549757807659e-06 0.000000000000000000e+00 8.709325116037942516e-10
5.274120000000000197e-02 0.000000000000000000e+00 0.000000000000000000e+00 6.230036872002613509e-06 0.000000000000000000e+00 2.784578664693623533e-09
5.396970000000000239e-02 0.000000000000000000e+00 0.000000000000000000e+00 5.303381806173198100e-06 0.000000000000000000e+00 8.181406228770917698e-09
5.522682000000000285e-02 0.000000000000000000e+00 0.000000000000000000e+00 5.574645534221446770e-06 0.000000000000000000e+00 2.221780359555723056e-08
5.651322000000000290e-02 0.000000000000000000e+00 0.000000000000000000e+00 7.083948229935378897e-06 0.000000000000000000e+00 5.604091707687528956e-08
5.782957999999999849e-02 0.000000000000000000e+00 0.000000000000000000e+00 7.374709146585983982e-06 0.000000000000000000e+00 1.318407504345441433e-07
5.917660000000000281e-02 0.000000000000000000e+00 0.000000000000000000e+00 7.124890344597291933e-06 0.000000000000000000e+00 2.910318843256297309e-07
6.055499999999999772e-02 0.000000000000000000e+00 0.000000000000000000e+00 6.303325508373427241e-06 0.000000000000000000e+00 6.054969328086719404e-07
6.196551000000000142e-02 0.000000000000000000e+00 0.000000000000000000e+00 7.490934319091645802e-06 0.000000000000000000e+00 1.192161067978399190e-06
6.340887000000000606e-02 0.000000000000000000e+00 0.000000000000000000e+00 7.778357655671698140e-06 0.000000000000000000e+00 2.228922568877293703e-06
6.488584999999999492e-02 0.000000000000000000e+00 0.000000000000000000e+00 7.828844411883167971e-06 0.000000000000000000e+00 3.968299139083724262e-06
6.639723999999999626e-02 0.000000000000000000e+00 0.000000000000000000e+00 7.900526273679910711e-06 0.000000000000000000e+00 6.756881091177974082e-06
6.794382999999999673e-02 0.000000000000000000e+00 0.000000000000000000e+00 7.970591359219034321e-06 0.000000000000000000e+00 1.103798554293699832e-05
6.952643999999999491e-02 1.628162370475927534e-311 0.000000000000000000e+00 7.924697499263801684e-06 0.000000000000000000e+00 1.734929553749613035e-05
7.114592000000000138e-02 5.855603220612098635e-292 0.000000000000000000e+00 7.980645430191825993e-06 0.000000000000000000e+00 2.629686604368204058e-05
7.280311999999999895e-02 8.360809891732633235e-274 0.000000000000000000e+00 8.911845977193457431e-06 0.000000000000000000e+00 3.850809999443409719e-05
7.449893000000000487e-02 5.979204360646178664e-257 0.000000000000000000e+00 8.703199846356390412e-06 0.000000000000000000e+00 5.465057294207808559e-05
7.623423000000000005e-02 2.655999881841248706e-241 0.000000000000000000e+00 8.164503511615865013e-06 0.000000000000000000e+00 7.533259096288762386e-05
7.800994999999999457e-02 8.950106673214433122e-227 0.000000000000000000e+00 8.292084487198407236e-06 0.000000000000000000e+00 1.010558591429229562e-04
7.982704000000000188e-02 2.754356131624088645e-213 0.000000000000000000e+00 8.544010100859876150e-06 0.000000000000000000e+00 1.321328330820670098e-04
8.168644999999999379e-02 9.195872624130141214e-201 0.000000000000000000e+00 8.722900617129015788e-06 0.000000000000000000e+00 1.686110608653678289e-04
8.358917000000000430e-02 3.913055613976796623e-189 0.000000000000000000e+00 7.769867152576137614e-06 0.000000000000000000e+00 2.104704213706424620e-04
8.553621000000000141e-02 2.463427987410832779e-178 0.000000000000000000e+00 8.556681836115028269e-06 0.000000000000000000e+00 2.574021153421764021e-04
8.752861000000000669e-02 2.635162494255654235e-168 0.000000000000000000e+00 8.755537607779596430e-06 0.000000000000000000e+00 3.088784868089293825e-04
8.956741000000000008e-02 5.446147480478923955e-159 0.000000000000000000e+00 8.721692746590682254e-06 0.000000000000000000e+00 3.641043028399536577e-04
9.165370000000000461e-02 2.108003231581147564e-148 0.000000000000000000e+00 1.187853011659282263e-03 0.000000000000000000e+00 3.631573679318313846e-02
9.378859000000000501e-02 2.306297025520224758e-140 0.000000000000000000e+00 3.702815935913126438e-03 0.000000000000000000e+00 4.144859279293567483e-02
9.597321000000000324e-02 6.830252143375027688e-133 0.000000000000000000e+00 5.506268246274974298e-03 0.000000000000000000e+00 4.682222503291353505e-02
9.820871000000000461e-02 6.021039075544822093e-126 0.000000000000000000e+00 3.842983549750059614e-03 0.000000000000000000e+00 5.237182120066977836e-02
1.004962999999999967e-01 1.725026220462175544e-119 0.000000000000000000e+00 5.933578472532662421e-03 0.000000000000000000e+00 5.801167710262251226e-02
1.028371000000000007e-01 1.867358524736938154e-113 0.000000000000000000e+00 5.343501099761890222e-03 0.000000000000000000e+00 6.819634356971271405e-02
1.052325000000000066e-01 7.231021432730832624e-108 0.000000000000000000e+00 7.911153357693165647e-03 0.000000000000000000e+00 7.468909786416752516e-02
1.076836999999999933e-01 1.143806298292406021e-102 0.000000000000000000e+00 7.057935024352778031e-03 0.000000000000000000e+00 8.113511718452040555e-02
1.101919999999999983e-01 7.887493596213576935e-98 0.000000000000000000e+00 7.587033526011897205e-03 0.000000000000000000e+00 8.742593992291523841e-02
1.127587000000000034e-01 2.492192429720482576e-93 0.000000000000000000e+00 7.260340869872598975e-03 0.000000000000000000e+00 9.246938345857870500e-02
1.153851999999999933e-01 4.006778666922770733e-89 0.000000000000000000e+00 7.590712179008181869e-03 0.000000000000000000e+00 1.008161447986821585e-01
1.180728000000000055e-01 3.491083016998059692e-85 0.000000000000000000e+00 6.429234553857191697e-03 0.000000000000000000e+00 1.145842876827528334e-01
1.208231000000000027e-01 1.562313607190915673e-81 0.000000000000000000e+00 4.661335734895574040e-03 0.000000000000000000e+00 1.226409165466188084e-01
1.236373999999999945e-01 4.237012956935048655e-78 0.000000000000000000e+00 8.526568892563694824e-03 0.000000000000000000e+00 1.395078582627656827e-01
1.265172999999999992e-01 5.909271218847506990e-75 0.000000000000000000e+00 9.439101001967167837e-03 0.000000000000000000e+00 1.373542368206604469e-01
1.294643000000000044e-01 5.313940958209909537e-72 0.000000000000000000e+00 9.659867347535121274e-03 0.000000000000000000e+00 1.412708262952827587e-01
1.324799000000000115e-01 3.073706918048046858e-69 0.000000000000000000e+00 1.027368931590202060e-02 0.000000000000000000e+00 1.461797630801086323e-01
1.355657999999999863e-01 1.170214846015637490e-66 0.000000000000000000e+00 1.045689061565110295e-02 0.000000000000000000e+00 1.507311386811957810e-01
1.387234999999999996e-01 3.022156401399273110e-64 0.000000000000000000e+00 9.509597539818981024e-03 0.000000000000000000e+00 1.548943116146020427e-01
1.419547999999999921e-01 5.449640785176719477e-62 0.000000000000000000e+00 9.630119320239797706e-03 0.000000000000000000e+00 1.588161526686325264e-01
1.452613000000000099e-01 7.133989663877288567e-60 0.000000000000000000e+00 1.029331246674135107e-02 0.000000000000000000e+00 1.646659101033254580e-01
1.486448999999999965e-01 7.244867725306493190e-58 0.000000000000000000e+00 1.005255648636374684e-02 0.000000000000000000e+00 1.802125902678879676e-01
1.521073000000000008e-01 5.590076418979818230e-56 0.000000000000000000e+00 9.026079810245959956e-03 0.000000000000000000e+00 1.995448753852898938e-01
1.556502999999999914e-01 2.944871092003485744e-54 0.000000000000000000e+00 8.452391968019622864e-03 0.000000000000000000e+00 1.969630647191175643e-01
1.592758999999999980e-01 1.125840014864246159e-52 0.000000000000000000e+00 9.780773539613209569e-03 0.000000000000000000e+00 1.809324287391718966e-01
1.629858999999999891e-01 3.598379195654938233e-51 0.000000000000000000e+00 1.001489237620660673e-02 0.000000000000000000e+00 1.753099981584073375e-01
1.667822999999999944e-01 9.577112773567721810e-50 0.000000000000000000e+00 1.050648723707019346e-02 0.000000000000000000e+00 1.758406029333483833e-01
1.706671999999999911e-01 2.090747997985922387e-48 0.000000000000000000e+00 1.046617703140067732e-02 0.000000000000000000e+00 1.766018386532424156e-01
1.746425000000000061e-01 4.065954568719508217e-47 0.000000000000000000e+00 1.073259466003038433e-02 0.000000000000000000e+00 1.771229352849601479e-01
1.787104999999999944e-01 7.234410959172417174e-46 0.000000000000000000e+00 1.119941615949028579e-02 0.000000000000000000e+00 1.773280311353813143e-01
1.828732000000000135e-01 1.177638858134395496e-44 0.000000000000000000e+00 1.226219402110488230e-02 0.000000000000000000e+00 1.771904399379258810e-01
1.871327999999999880e-01 1.756473986700667844e-43 0.000000000000000000e+00 1.302896697776393525e-02 0.000000000000000000e+00 1.767763505551324110e-01
1.914916999999999869e-01 2.409258156146646589e-42 0.000000000000000000e+00 1.376238909180357850e-02 0.000000000000000000e+00 1.761836992169139582e-01
1.959520999999999902e-01 3.057749062582229194e-41 0.000000000000000000e+00 1.440248130337870927e-02 0.000000000000000000e+00 1.753622287365343702e-01
2.005164999999999864e-01 3.631777128643997733e-40 0.000000000000000000e+00 1.504899938603282764e-02 0.000000000000000000e+00 1.743405772114095809e-01
2.051871000000000111e-01 4.109880736319298561e-39 0.000000000000000000e+00 1.565361830685482042e-02 0.000000000000000000e+00 1.733191440509871672e-01
2.099665000000000004e-01 4.531140937406437833e-38 0.000000000000000000e+00 1.627701487582642118e-02 0.000000000000000000e+00 1.724219209605846737e-01
2.148573000000000011e-01 4.981731500047211595e-37 0.000000000000000000e+00 1.696740993597273608e-02 0.000000000000000000e+00 1.717652205593380721e-01
2.198618999999999990e-01 5.567270244009309796e-36 0.000000000000000000e+00 1.770078570946970881e-02 0.000000000000000000e+00 1.716151244618375482e-01
2.249831999999999943e-01 6.370395905020324118e-35 0.000000000000000000e+00 1.858246281976014269e-02 0.000000000000000000e+00 1.721161290080594486e-01
2.302237000000000033e-01 7.411463344894968907e-34 0.000000000000000000e+00 1.950889417787682670e-02 0.000000000000000000e+00 1.732231890675589026e-01
2.355862999999999985e-01 8.615304446706420362e-33 0.000000000000000000e+00 2.047769429516496306e-02 0.000000000000000000e+00 1.748113900697643719e-01
2.410738000000000048e-01 9.795616323655462025e-32 0.000000000000000000e+00 2.147899632425792973e-02 0.000000000000000000e+00 1.767213598455708579e-01
2.466890999999999945e-01 1.068863901933577075e-30 0.000000000000000000e+00 2.255996580181638539e-02 0.000000000000000000e+00 1.788027803572740104e-01
2.524352999999999736e-01 1.104753287289905178e-29 0.000000000000000000e+00 2.365213585441847469e-02 0.000000000000000000e+00 1.810419587033699762e-01
2.583152000000000226e-01 1.076702977432823520e-28 0.000000000000000000e+00 2.474459847468578680e-02 0.000000000000000000e+00 1.839774476707988493e-01
2.643322000000000171e-01 1.023178478184648053e-27 0.000000000000000000e+00 2.577344493310544313e-02 0.000000000000000000e+00 1.946060578838080535e-01
2.704892999999999881e-01 1.003953877664299586e-26 0.000000000000000000e+00 2.673246675109686860e-02 0.000000000000000000e+00 2.268929431148180853e-01
2.767897999999999747e-01 8.776841192054044801e-26 0.000000000000000000e+00 2.765848963316646508e-02 0.000000000000000000e+00 2.511532671714878928e-01
2.832370000000000165e-01 5.931110414706399414e-25 0.000000000000000000e+00 2.861378826199124925e-02 0.000000000000000000e+00 2.283876653075250784e-01
2.898344999999999949e-01 3.584623987593309912e-24 0.000000000000000000e+00 2.961874493725299637e-02 0.000000000000000000e+00 1.968238245115116747e-01
2.965856000000000048e-01 2.266714448829812939e-23 0.000000000000000000e+00 3.082355009331640833e-02 0.000000000000000000e+00 1.875041016432201502e-01
3.034938999999999831e-01 1.409402603188898869e-22 0.000000000000000000e+00 3.218455630477444485e-02 0.000000000000000000e+00 1.850557413938883344e-01
3.105631999999999837e-01 8.332398808532257603e-22 0.000000000000000000e+00 3.386757238824415761e-02 0.000000000000000000e+00 1.824961744293277788e-01
3.177972000000000019e-01 4.683482412392151968e-21 0.000000000000000000e+00 3.597736922836890228e-02 0.000000000000000000e+00 1.794008573038093357e-01
3.251995999999999776e-01 2.510108245292303970e-20 0.000000000000000000e+00 3.869176604498069522e-02 0.000000000000000000e+00 1.759412748989776232e-01
3.327744999999999731e-01 9.404503385538195813e-20 0.000000000000000000e+00 4.210743649938591265e-02 0.000000000000000000e+00 1.716713687941413546e-01
3.405257999999999896e-01 1.948147593730107822e-19 0.000000000000000000e+00 4.630333957029843239e-02 0.000000000000000000e+00 1.662547695583269924e-01
3.484576999999999813e-01 3.532486263194433624e-19 0.000000000000000000e+00 5.111545338170082192e-02 0.000000000000000000e+00 1.606301512130401121e-01
3.565743000000000107e-01 5.922570886829452627e-19 0.000000000000000000e+00 5.477089064931113527e-02 0.000000000000000000e+00 1.548597676072759610e-01
3.648799999999999821e-01 9.697620559404740143e-19 0.000000000000000000e+00 5.707806227059220722e-02 0.000000000000000000e+00 1.490870858273027622e-01
3.733791000000000193e-01 1.623690483843863934e-18 0.000000000000000000e+00 6.730760305243116415e-02 0.000000000000000000e+00 1.434095658021041775e-01
3.820761999999999770e-01 2.874359422597892835e-18 0.000000000000000000e+00 7.157917163576327235e-02 0.000000000000000000e+00 1.378533043769982203e-01
3.909758999999999873e-01 5.494108987980028687e-18 0.000000000000000000e+00 7.876609992394142945e-02 0.000000000000000000e+00 1.324985311376609132e-01
4.000829000000000191e-01 1.144016232681962059e-17 0.000000000000000000e+00 9.066296654845611147e-02 0.000000000000000000e+00 1.273869129571817138e-01
4.094020999999999910e-01 2.592446693039098167e-17 0.000000000000000000e+00 9.702061364822017753e-02 0.000000000000000000e+00 1.225649967641819355e-01
4.189382999999999857e-01 6.337964368099287274e-17 0.000000000000000000e+00 1.033935053254052827e-01 0.000000000000000000e+00 1.180669658083411816e-01
4.286965999999999832e-01 1.648063160693779032e-16 0.000000000000000000e+00 1.036160949976769469e-01 0.000000000000000000e+00 1.138931144454722044e-01
4.386822000000000221e-01 4.480623083574908240e-16 0.000000000000000000e+00 1.098561112769387421e-01 0.000000000000000000e+00 1.100581067114530659e-01
4.489003999999999772e-01 1.259628881502488071e-15 0.000000000000000000e+00 1.213291289104567600e-01 0.000000000000000000e+00 1.073451644968500956e-01
4.593567000000000067e-01 3.848215290272992517e-15 0.000000000000000000e+00 1.253765396689567602e-01 0.000000000000000000e+00 1.130939031743605078e-01
4.700563999999999854e-01 1.358245811586096651e-14 0.000000000000000000e+00 1.284892342243138252e-01 0.000000000000000000e+00 1.391086494086438974e-01
4.810054999999999747e-01 4.230711017441040107e-14 0.000000000000000000e+00 1.309145494129213827e-01 0.000000000000000000e+00 1.547504908123448486e-01
4.922095000000000220e-01 9.540707548162873608e-14 0.000000000000000000e+00 1.322339968832251800e-01 0.000000000000000000e+00 1.291438654061137226e-01
5.036745999999999723e-01 1.917038364702500548e-13 0.000000000000000000e+00 1.353010834672995766e-01 0.000000000000000000e+00 1.002778832180982460e-01
5.154066000000000480e-01 4.342411494463143412e-13 0.000000000000000000e+00 1.352364426056179014e-01 0.000000000000000000e+00 9.207810313693723381e-02
5.274119999999999919e-01 9.968341025860396779e-13 0.000000000000000000e+00 1.374456311000223918e-01 0.000000000000000000e+00 9.001160562738062809e-02
5.396969999999999823e-01 2.192085403080773579e-12 0.000000000000000000e+00 1.483099594166631396e-01 0.000000000000000000e+00 8.843330293613184401e-02
5.522681999999999869e-01 4.618417541427786982e-12 0.000000000000000000e+00 1.549553391937402158e-01 0.000000000000000000e+00 8.701298327363364560e-02
5.651321999999999734e-01 9.374413726672208583e-12 0.000000000000000000e+00 1.582486291906871068e-01 0.000000000000000000e+00 8.574804739459560010e-02
5.782958000000000265e-01 1.845805394042655687e-11 0.000000000000000000e+00 1.597609499176648462e-01 0.000000000000000000e+00 8.463058762798664203e-02
5.917660000000000142e-01 3.552616427226309422e-11 0.000000000000000000e+00 1.625032030557253815e-01 0.000000000000000000e+00 8.365010924135740655e-02
6.055500000000000327e-01 6.796782476169436142e-11 0.000000000000000000e+00 1.668554935792085636e-01 0.000000000000000000e+00 8.352133667084868374e-02
6.196551000000000142e-01 1.418785332716063877e-10 0.000000000000000000e+00 1.717671005909405801e-01 0.000000000000000000e+00 9.172923078440099742e-02
6.340886999999999496e-01 3.580361660586074610e-10 0.000000000000000000e+00 1.763124042733409669e-01 0.000000000000000000e+00 1.218639018132150337e-01
6.488585000000000047e-01 7.989420529315298132e-10 0.000000000000000000e+00 1.804149319767233139e-01 0.000000000000000000e+00 1.422960486148012182e-01
6.639724000000000181e-01 1.263858327695317879e-09 0.000000000000000000e+00 1.839726602429150315e-01 0.000000000000000000e+00 1.164379365062177540e-01
6.794383000000000505e-01 1.804975943200264611e-09 0.000000000000000000e+00 1.869304437456076884e-01 0.000000000000000000e+00 8.468437474723605751e-02
6.952644000000000046e-01 3.221133294599165560e-09 0.000000000000000000e+00 1.893442016983739318e-01 0.000000000000000000e+00 7.558122911850603809e-02
7.114591999999999583e-01 6.378512320819492099e-09 0.000000000000000000e+00 1.915280091378510352e-01 0.000000000000000000e+00 7.345230181315257068e-02
7.280311999999999895e-01 1.292701712238413872e-08 0.000000000000000000e+00 1.936044078320054707e-01 0.000000000000000000e+00 7.176715019993605560e-02
7.449892999999999654e-01 2.661529982706086636e-08 0.000000000000000000e+00 1.955741025975893665e-01 0.000000000000000000e+00 7.017955358301018742e-02
7.623423000000000282e-01 5.546309135489264783e-08 0.000000000000000000e+00 1.976125524562942215e-01 0.000000000000000000e+00 6.875218150203672718e-02
7.800994999999999457e-01 1.163188282340428355e-07 0.000000000000000000e+00 1.998125091191385594e-01 0.000000000000000000e+00 6.752993137442526994e-02
7.982704000000000466e-01 2.435784484504788521e-07 0.000000000000000000e+00 2.021484046339831198e-01 0.000000000000000000e+00 6.651982043415737011e-02
8.168644999999999934e-01 5.043905663977988268e-07 0.000000000000000000e+00 2.048231788477339610e-01 0.000000000000000000e+00 6.571609873886598285e-02
8.358917000000000153e-01 1.021249220361207346e-06 0.000000000000000000e+00 2.079902324170842531e-01 0.000000000000000000e+00 6.510367358225320478e-02
8.553621000000000141e-01 1.996251556068978847e-06 0.000000000000000000e+00 2.112068252023632797e-01 0.000000000000000000e+00 6.466108976368833972e-02
8.752860999999999558e-01 3.716052133191513502e-06 0.000000000000000000e+00 2.146706094039035895e-01 0.000000000000000000e+00 6.437910897428966717e-02
8.956741000000000286e-01 6.491624921622065980e-06 0.000000000000000000e+00 2.183264555100005999e-01 0.000000000000000000e+00 6.424542979418919331e-02
9.165370000000000461e-01 1.072139535503513212e-05 0.000000000000000000e+00 2.220500595389466036e-01 0.000000000000000000e+00 6.424460190155148465e-02
9.378859000000000501e-01 1.733524649985048870e-05 0.000000000000000000e+00 2.259130199700732922e-01 0.000000000000000000e+00 6.439261996150032197e-02
9.597320999999999769e-01 2.760718866448786990e-05 0.000000000000000000e+00 2.298368002218044437e-01 0.000000000000000000e+00 6.468551598908113542e-02
9.820870999999999906e-01 4.331676859369057404e-05 0.000000000000000000e+00 2.338903982043835372e-01 0.000000000000000000e+00 6.510325331492723688e-02
1.004963000000000051e+00 6.697576958110125316e-05 0.000000000000000000e+00 2.366088227292475477e-01 0.000000000000000000e+00 6.562118494786223222e-02
1.028370999999999924e+00 1.020779299356990754e-04 0.000000000000000000e+00 2.363455127100748399e-01 0.000000000000000000e+00 6.622172065536528762e-02
1.052324999999999955e+00 1.534542990151924061e-04 0.000000000000000000e+00 2.359432735583254226e-01 0.000000000000000000e+00 6.691235950618414086e-02
1.076837000000000044e+00 2.276335562404256077e-04 0.000000000000000000e+00 2.336905114190720445e-01 0.000000000000000000e+00 6.768641651614162869e-02
1.101920000000000011e+00 3.333037995474171693e-04 0.000000000000000000e+00 2.306431683604985849e-01 0.000000000000000000e+00 6.853212717778811580e-02
1.127586999999999895e+00 4.820169398375062013e-04 0.000000000000000000e+00 2.305747599697546835e-01 0.000000000000000000e+00 6.946011662163029121e-02
1.153852000000000100e+00 6.891167589650547915e-04 0.000000000000000000e+00 2.307780719497916910e-01 0.000000000000000000e+00 7.050235726899756195e-02
1.180728000000000000e+00 9.747968046733982220e-04 0.000000000000000000e+00 2.305339539634665147e-01 0.000000000000000000e+00 7.169294718121309307e-02
1.208231000000000055e+00 1.364974681425994759e-03 0.000000000000000000e+00 2.306548043066405096e-01 0.000000000000000000e+00 7.303908234572221991e-02
1.236374000000000084e+00 1.892824751853979881e-03 0.000000000000000000e+00 2.310849805951039060e-01 0.000000000000000000e+00 7.454808673989148093e-02
1.265173000000000103e+00 2.600274531748015920e-03 0.000000000000000000e+00 2.295151491604838223e-01 0.000000000000000000e+00 7.622277245273870183e-02
1.294642999999999988e+00 3.539835919450957935e-03 0.000000000000000000e+00 2.277011262061842123e-01 0.000000000000000000e+00 7.806491399338405524e-02
1.324799000000000060e+00 4.777346923529531518e-03 0.000000000000000000e+00 2.265364194721148361e-01 0.000000000000000000e+00 8.008748326404856177e-02
1.355658000000000030e+00 6.395638478445974176e-03 0.000000000000000000e+00 2.235748861470349125e-01 0.000000000000000000e+00 8.231919050579991626e-02
1.387234999999999996e+00 8.496571299524028481e-03 0.000000000000000000e+00 2.225934863660067320e-01 0.000000000000000000e+00 8.477673385196780875e-02
1.419548000000000032e+00 1.120375835942661290e-02 0.000000000000000000e+00 2.194558902971176506e-01 0.000000000000000000e+00 8.746553887719615838e-02
1.452612999999999932e+00 1.466744723574628720e-02 0.000000000000000000e+00 2.200724876914061379e-01 0.000000000000000000e+00 9.039534384913572307e-02
1.486448999999999909e+00 1.906781413474779516e-02 0.000000000000000000e+00 2.214062537603316005e-01 0.000000000000000000e+00 9.357236446710757993e-02
1.521072999999999897e+00 2.461619204354565521e-02 0.000000000000000000e+00 2.268022498668258446e-01 0.000000000000000000e+00 9.698925423690057945e-02
1.556502999999999970e+00 3.156508345382095376e-02 0.000000000000000000e+00 2.307004417476228031e-01 0.000000000000000000e+00 1.006550539878182382e-01
1.592759000000000036e+00 4.020708142594862922e-02 0.000000000000000000e+00 2.307979482971483920e-01 0.000000000000000000e+00 1.045684456835871412e-01
1.629858999999999947e+00 5.087088673557924046e-02 0.000000000000000000e+00 2.332726329210811356e-01 0.000000000000000000e+00 1.087073106221206342e-01
1.667823000000000055e+00 6.391245172295159649e-02 0.000000000000000000e+00 2.307476045873303183e-01 0.000000000000000000e+00 1.130240563315691310e-01
1.706671999999999967e+00 7.973124519020463596e-02 0.000000000000000000e+00 2.242191069697331285e-01 0.000000000000000000e+00 1.174901798309397893e-01
1.746424999999999894e+00 9.876914968637631742e-02 0.000000000000000000e+00 2.144577187924075479e-01 0.000000000000000000e+00 1.220856764061837990e-01
1.787104999999999944e+00 1.214834829122566767e-01 0.000000000000000000e+00 2.056363528142829966e-01 0.000000000000000000e+00 1.267677742660167084e-01
1.828732000000000024e+00 1.483158732006006619e-01 0.000000000000000000e+00 1.954617885032562119e-01 0.000000000000000000e+00 1.314632171998677546e-01
1.871328000000000102e+00 1.797202347402217515e-01 0.000000000000000000e+00 1.858466280594533171e-01 0.000000000000000000e+00 1.361187457585608940e-01
1.914916999999999980e+00 2.161644355157759378e-01 0.000000000000000000e+00 1.777139482867045317e-01 0.000000000000000000e+00 1.407002985178385790e-01
1.959521000000000068e+00 2.580649554199068718e-01 0.000000000000000000e+00 1.685368303473103735e-01 0.000000000000000000e+00 1.451525415789889084e-01
2.005164999999999864e+00 3.059293865722705896e-01 0.000000000000000000e+00 1.612214193710278520e-01 0.000000000000000000e+00 1.494890923501944191e-01
2.051870999999999778e+00 3.603333378976548707e-01 0.000000000000000000e+00 1.536248213765835369e-01 0.000000000000000000e+00 1.537479456740912520e-01
2.099664999999999893e+00 4.219277791192895255e-01 0.000000000000000000e+00 1.469758105568317319e-01 0.000000000000000000e+00 1.579801427809503223e-01
2.148572999999999844e+00 4.912845623247066307e-01 0.000000000000000000e+00 1.408931925489400605e-01 0.000000000000000000e+00 1.621892088650301877e-01
2.198618999999999879e+00 5.688949329410251110e-01 0.000000000000000000e+00 1.344128633773706283e-01 0.000000000000000000e+00 1.663547322466930600e-01
2.249832000000000054e+00 6.551319792514438412e-01 0.000000000000000000e+00 1.288149607674415331e-01 0.000000000000000000e+00 1.704368643394049143e-01
2.302236999999999867e+00 7.501441854759257621e-01 0.000000000000000000e+00 1.154091371967509438e-01 0.000000000000000000e+00 1.743647664590137758e-01
2.355862999999999818e+00 8.545941519900477346e-01 0.000000000000000000e+00 1.027693041014609010e-01 0.000000000000000000e+00 1.782105939947669915e-01
2.410737999999999825e+00 9.687527455809704646e-01 0.000000000000000000e+00 9.583487452151318031e-02 0.000000000000000000e+00 1.819540546930974445e-01
2.466890999999999945e+00 1.092384276337615256e+00 0.000000000000000000e+00 9.054331865962574055e-02 0.000000000000000000e+00 1.855036938586778483e-01
2.524353000000000069e+00 1.225402057667815958e+00 0.000000000000000000e+00 8.480100152222479204e-02 0.000000000000000000e+00 1.888326266367160722e-01
2.583152000000000115e+00 1.367738860497100584e+00 0.000000000000000000e+00 8.529612509265056819e-02 0.000000000000000000e+00 1.919366571505708718e-01
2.643321999999999949e+00 1.519398166354727797e+00 0.000000000000000000e+00 8.353259161089941764e-02 0.000000000000000000e+00 1.948326737793192320e-01
2.704893000000000214e+00 1.680325359448996192e+00 0.000000000000000000e+00 8.101705168283053482e-02 0.000000000000000000e+00 1.975351277076543843e-01
2.767898000000000192e+00 1.850967525862931673e+00 0.000000000000000000e+00 7.876577287722927312e-02 0.000000000000000000e+00 2.001169880328644846e-01
2.832370000000000054e+00 2.031651713261345193e+00 0.000000000000000000e+00 7.604059953518171877e-02 0.000000000000000000e+00 2.026245558037246264e-01
2.898344999999999949e+00 2.222839099424747999e+00 0.000000000000000000e+00 7.430271683252685777e-02 0.000000000000000000e+00 2.051085644000133212e-01
2.965856000000000048e+00 2.425833126371269355e+00 0.000000000000000000e+00 7.170506814397473172e-02 0.000000000000000000e+00 2.076818389207166771e-01
3.034939000000000053e+00 2.641250375694405683e+00 0.000000000000000000e+00 6.912543736391084381e-02 0.000000000000000000e+00 2.103745299083161768e-01
3.105631999999999948e+00 2.868542203876963903e+00 0.000000000000000000e+00 6.650518813890664294e-02 0.000000000000000000e+00 2.131237660419940394e-01
3.177972000000000019e+00 3.107047637024261899e+00 0.000000000000000000e+00 6.468874415224340479e-02 0.000000000000000000e+00 2.158763852120493265e-01
3.251996000000000109e+00 3.356670968960303814e+00 0.000000000000000000e+00 7.259513385319184275e-02 0.000000000000000000e+00 2.186311838261355278e-01
3.327745000000000175e+00 3.615138902175516922e+00 0.000000000000000000e+00 8.599486254677196628e-02 0.000000000000000000e+00 2.212561712619748877e-01
3.405257999999999896e+00 3.880118180299379382e+00 0.000000000000000000e+00 6.954121283398270736e-02 0.000000000000000000e+00 2.236486259772554608e-01
3.484576999999999813e+00 4.148731269296116686e+00 0.000000000000000000e+00 6.327563988420208119e-02 0.000000000000000000e+00 2.257020297613965276e-01
3.565742999999999885e+00 4.419223803811575202e+00 0.000000000000000000e+00 5.429050114451752090e-02 0.000000000000000000e+00 2.273937572435806576e-01
3.648800000000000043e+00 4.690412697672834419e+00 0.000000000000000000e+00 5.071090636809491570e-02 0.000000000000000000e+00 2.287369030493153488e-01
3.733791000000000082e+00 4.961191793753743084e+00 0.000000000000000000e+00 4.826015110011117049e-02 0.000000000000000000e+00 2.297481679940696075e-01
3.820762000000000214e+00 5.231527624903450580e+00 0.000000000000000000e+00 4.607254062024766089e-02 0.000000000000000000e+00 2.304903654892795917e-01
3.909759000000000206e+00 5.502485117772121015e+00 0.000000000000000000e+00 4.392504298948225749e-02 0.000000000000000000e+00 2.310622247117186945e-01
4.000829000000000413e+00 5.775859269964533027e+00 0.000000000000000000e+00 4.153833922303711707e-02 0.000000000000000000e+00 2.315748763457851633e-01
4.094020999999999688e+00 6.055512675435683612e+00 0.000000000000000000e+00 3.946752227517640044e-02 0.000000000000000000e+00 2.321998007888912419e-01
4.189383000000000301e+00 6.345838742693792334e+00 0.000000000000000000e+00 3.793883844794787574e-02 0.000000000000000000e+00 2.330991839587624459e-01
4.286965999999999610e+00 6.650208704495200074e+00 0.000000000000000000e+00 3.600112511472319116e-02 0.000000000000000000e+00 2.343726090081559021e-01
4.386822000000000443e+00 6.971192659040256423e+00 0.000000000000000000e+00 3.353452891852998913e-02 0.000000000000000000e+00 2.360765621538702397e-01
4.489004000000000438e+00 7.310490915152778157e+00 0.000000000000000000e+00 3.199979762132907496e-02 0.000000000000000000e+00 2.382303405296948562e-01
4.593567000000000178e+00 7.669666532332652942e+00 0.000000000000000000e+00 3.140643978417517745e-02 0.000000000000000000e+00 2.408459473442213228e-01
4.700563999999999965e+00 8.049469444430988219e+00 0.000000000000000000e+00 3.140668961365378209e-02 0.000000000000000000e+00 2.439090559833470562e-01
4.810055000000000192e+00 8.448531937933395852e+00 0.000000000000000000e+00 3.175577112469245289e-02 0.000000000000000000e+00 2.473454334802053234e-01
4.922094999999999665e+00 8.862285069646885560e+00 0.000000000000000000e+00 3.213045448036706137e-02 0.000000000000000000e+00 2.510001479145943515e-01
5.036745999999999945e+00 9.286371025624646336e+00 0.000000000000000000e+00 3.239543773601975124e-02 0.000000000000000000e+00 2.547438812196196056e-01
5.154066000000000258e+00 9.717547139336355499e+00 0.000000000000000000e+00 3.337008894572997264e-02 0.000000000000000000e+00 2.584929142775819755e-01
5.274119999999999919e+00 1.014956981501540589e+01 0.000000000000000000e+00 3.474817105694362473e-02 0.000000000000000000e+00 2.620959419713192462e-01
5.396969999999999601e+00 1.057851848318572330e+01 0.000000000000000000e+00 3.643534319049301917e-02 0.000000000000000000e+00 2.654769999893490939e-01
5.522681999999999647e+00 1.100176872411413775e+01 0.000000000000000000e+00 3.839044106936028572e-02 0.000000000000000000e+00 2.685997545716447554e-01
5.651322000000000401e+00 1.141618929155017170e+01 0.000000000000000000e+00 4.055671778563710306e-02 0.000000000000000000e+00 2.714191778427197388e-01
5.782957999999999821e+00 1.181895343628245065e+01 0.000000000000000000e+00 4.291516235351311437e-02 0.000000000000000000e+00 2.739012674414386117e-01
5.917659999999999698e+00 1.220934792747261000e+01 0.000000000000000000e+00 4.556312977412784598e-02 0.000000000000000000e+00 2.760624006109695938e-01
6.055500000000000327e+00 1.258743960620751601e+01 0.000000000000000000e+00 8.505982914324793087e-02 0.000000000000000000e+00 2.779338045842548177e-01
6.196551000000000364e+00 1.295233309073767991e+01 0.000000000000000000e+00 2.606392726411755900e-01 0.000000000000000000e+00 2.795222604444814185e-01
6.340887000000000384e+00 1.330294786873528601e+01 0.000000000000000000e+00 1.338101257188328008e-01 0.000000000000000000e+00 2.808292184468156316e-01
6.488584999999999603e+00 1.363855286426597857e+01 0.000000000000000000e+00 5.570664639917232569e-02 0.000000000000000000e+00 2.818623870870382575e-01
6.639724000000000181e+00 1.395683490075024835e+01 0.000000000000000000e+00 5.767289623569724077e-02 0.000000000000000000e+00 2.825959623427124479e-01
6.794382999999999839e+00 1.425413098244426990e+01 0.000000000000000000e+00 5.975313727212674952e-02 0.000000000000000000e+00 2.829785128868667066e-01
6.952644000000000268e+00 1.452782321882264327e+01 0.000000000000000000e+00 6.194621396501360372e-02 0.000000000000000000e+00 2.829819381738000739e-01
7.114592000000000027e+00 1.477988487593495037e+01 0.000000000000000000e+00 6.697072804433014392e-02 0.000000000000000000e+00 2.826669831274537525e-01
7.280312000000000339e+00 1.501425942881034103e+01 0.000000000000000000e+00 1.320370380633340834e-01 0.000000000000000000e+00 2.821261123632104462e-01
7.449893000000000320e+00 1.523431487926006334e+01 0.000000000000000000e+00 1.916926500108305786e-01 0.000000000000000000e+00 2.814340055977672672e-01
7.623422999999999838e+00 1.544816277606758526e+01 0.000000000000000000e+00 2.427673256160123583e-01 0.000000000000000000e+00 2.807459786799143542e-01
7.800995000000000346e+00 1.566870441084212828e+01 0.000000000000000000e+00 2.253539838924903116e-01 0.000000000000000000e+00 2.802927497218507535e-01
7.982704000000000022e+00 1.590286974396138753e+01 0.000000000000000000e+00 2.003566942402386919e-01 0.000000000000000000e+00 2.801856747797885072e-01
8.168644999999999712e+00 1.615377039894166700e+01 0.000000000000000000e+00 1.489938113205857839e-01 0.000000000000000000e+00 2.804635823209270518e-01
8.358916999999999931e+00 1.642566397773082798e+01 0.000000000000000000e+00 9.012519875876326414e-02 0.000000000000000000e+00 2.811832172295550825e-01
8.553620999999999697e+00 1.672412811730700710e+01 0.000000000000000000e+00 9.282097364203775736e-02 0.000000000000000000e+00 2.824211054004024390e-01
8.752860999999999336e+00 1.704933449699519343e+01 0.000000000000000000e+00 9.685188199930559738e-02 0.000000000000000000e+00 2.841603499827609625e-01
8.956740999999999175e+00 1.739622375438247204e+01 0.000000000000000000e+00 9.349619141390076715e-02 0.000000000000000000e+00 2.862996190293007337e-01
9.165369999999999351e+00 1.775537039515145565e+01 0.000000000000000000e+00 9.134348366043597289e-02 0.000000000000000000e+00 2.886722688692274219e-01
9.378859000000000279e+00 1.811394115966538720e+01 0.000000000000000000e+00 9.164241520131814756e-02 0.000000000000000000e+00 2.910652514407683356e-01
9.597321000000000879e+00 1.845655578558597654e+01 0.000000000000000000e+00 9.355961031451685839e-02 0.000000000000000000e+00 2.932349115534600426e-01
9.820871000000000350e+00 1.877291507595656483e+01 0.000000000000000000e+00 9.530756749139154826e-02 0.000000000000000000e+00 2.950279173917595976e-01
1.004963000000000051e+01 1.905935024988927395e+01 0.000000000000000000e+00 9.624037837155068054e-02 0.000000000000000000e+00 2.963999610269064666e-01
1.028370999999999924e+01 1.930910490717753447e+01 0.000000000000000000e+00 9.786208570565435583e-02 0.000000000000000000e+00 2.972602555652118506e-01
1.052325000000000088e+01 1.951943611662742839e+01 0.000000000000000000e+00 9.953595785390878525e-02 0.000000000000000000e+00 2.975819499020551095e-01
1.076837000000000089e+01 1.968807910231701896e+01 0.000000000000000000e+00 1.012493006027634923e-01 0.000000000000000000e+00 2.973455300058105988e-01
1.101919999999999966e+01 1.981478262104219112e+01 0.000000000000000000e+00 1.384394681759519019e-01 0.000000000000000000e+00 2.965614251548818747e-01
1.127586999999999939e+01 1.989556895459130814e+01 0.000000000000000000e+00 3.426619776508303961e-01 0.000000000000000000e+00 2.951835241007795263e-01
1.153852000000000011e+01 1.993708949386824258e+01 0.000000000000000000e+00 2.031062681568186756e-01 0.000000000000000000e+00 2.933228021231810700e-01
1.180728000000000044e+01 1.998629702235225025e+01 0.000000000000000000e+00 1.034826361990951460e-01 0.000000000000000000e+00 2.916739318599409492e-01
1.208230999999999966e+01 2.007116598037577049e+01 0.000000000000000000e+00 1.030561385695038246e-01 0.000000000000000000e+00 2.906344904355768199e-01
1.236373999999999995e+01 2.022417098652381640e+01 0.000000000000000000e+00 1.026163857285573439e-01 0.000000000000000000e+00 2.906550996471246040e-01
1.265173000000000059e+01 2.046053912733554370e+01 0.000000000000000000e+00 1.025805593819161671e-01 0.000000000000000000e+00 2.919280784438127996e-01
1.294642999999999944e+01 2.076729535619547917e+01 0.000000000000000000e+00 1.023415681751275036e-01 0.000000000000000000e+00 2.942421546745376815e-01
1.324798999999999971e+01 2.114864482747688612e+01 0.000000000000000000e+00 1.018589363426145311e-01 0.000000000000000000e+00 2.976350434328841610e-01
1.355658000000000030e+01 2.166824169296155134e+01 0.000000000000000000e+00 1.010975484135055030e-01 0.000000000000000000e+00 3.029759461890360606e-01
1.387235000000000085e+01 2.240069257024483562e+01 0.000000000000000000e+00 1.000425732117237870e-01 0.000000000000000000e+00 3.112657993016560987e-01
1.419547999999999988e+01 2.344868864432737965e+01 0.000000000000000000e+00 9.871801601300608797e-02 0.000000000000000000e+00 3.238715410788138294e-01
1.452613000000000021e+01 2.478871732306723885e+01 0.000000000000000000e+00 9.713521327884133694e-02 0.000000000000000000e+00 3.403985846389929182e-01
1.486448999999999998e+01 2.625013799424595717e+01 0.000000000000000000e+00 9.530658304182863805e-02 0.000000000000000000e+00 3.584565114267529440e-01
1.521072999999999986e+01 2.761521207644175746e+01 0.000000000000000000e+00 9.328350525291567719e-02 0.000000000000000000e+00 3.750704500832355293e-01
1.556503000000000014e+01 2.871888296851737366e+01 0.000000000000000000e+00 9.121103717604482630e-02 0.000000000000000000e+00 3.880402439074850940e-01
1.592759000000000036e+01 2.953115383828265550e+01 0.000000000000000000e+00 9.003964005358812417e-02 0.000000000000000000e+00 3.970237380749121470e-01
1.629859000000000080e+01 3.006766189447059645e+01 0.000000000000000000e+00 8.897813029213838543e-02 0.000000000000000000e+00 4.022922228772707332e-01
1.667822999999999922e+01 3.030564250261421932e+01 0.000000000000000000e+00 8.790292873297393672e-02 0.000000000000000000e+00 4.035966985435209819e-01
1.706672000000000011e+01 3.018012357323451766e+01 0.000000000000000000e+00 8.692828528656262876e-02 0.000000000000000000e+00 4.001296086420266795e-01
1.746424999999999983e+01 2.963514278521249068e+01 0.000000000000000000e+00 8.611986075090907744e-02 0.000000000000000000e+00 3.912127763861108498e-01
1.787105000000000032e+01 2.867575935560024902e+01 0.000000000000000000e+00 8.552733672637448381e-02 0.000000000000000000e+00 3.769775182930363289e-01
1.828732000000000113e+01 2.730405787240921001e+01 0.000000000000000000e+00 8.520500540854460125e-02 0.000000000000000000e+00 3.575097946571559326e-01
1.871328000000000102e+01 2.569569374134102091e+01 0.000000000000000000e+00 8.516288821115536312e-02 0.000000000000000000e+00 3.351541772069908109e-01
1.914917000000000158e+01 2.411112360533100230e+01 0.000000000000000000e+00 8.565033307228671344e-02 0.000000000000000000e+00 3.133186814427654232e-01
1.959521000000000157e+01 2.285443790844692913e+01 0.000000000000000000e+00 8.690008490445706724e-02 0.000000000000000000e+00 2.959257300318949291e-01
2.005164999999999864e+01 2.216303921588414738e+01 0.000000000000000000e+00 8.840779664842179919e-02 0.000000000000000000e+00 2.859838389405309211e-01
2.051870999999999867e+01 2.226437229359778414e+01 0.000000000000000000e+00 9.037075858968393605e-02 0.000000000000000000e+00 2.863368318183919792e-01
2.099664999999999893e+01 2.316063823761265184e+01 0.000000000000000000e+00 9.274714923594673532e-02 0.000000000000000000e+00 2.969097566868148519e-01
2.148573000000000022e+01 2.480142033314144712e+01 0.000000000000000000e+00 9.559889883241509678e-02 0.000000000000000000e+00 3.169628574404746990e-01
2.198619000000000057e+01 2.716266747217666833e+01 0.000000000000000000e+00 9.896800436319001804e-02 0.000000000000000000e+00 3.461074566523849039e-01
2.249831999999999965e+01 3.014184341372418530e+01 0.000000000000000000e+00 1.033029825397436818e-01 0.000000000000000000e+00 3.829676880354463964e-01
2.302236999999999867e+01 3.352134331976874648e+01 0.000000000000000000e+00 1.078865416900621349e-01 0.000000000000000000e+00 4.247299393797305256e-01
2.355863000000000085e+01 3.704949336257361381e+01 0.000000000000000000e+00 1.124523400323441114e-01 0.000000000000000000e+00 4.681840088663659638e-01
2.410737999999999914e+01 4.053819820412046937e+01 0.000000000000000000e+00 1.168397674409170223e-01 0.000000000000000000e+00 5.109562283500697077e-01
2.466891000000000034e+01 4.386577783493044791e+01 0.000000000000000000e+00 1.210066603292049570e-01 0.000000000000000000e+00 5.515318831241395880e-01
2.524352999999999980e+01 4.692886061990814994e+01 0.000000000000000000e+00 1.249132171542272629e-01 0.000000000000000000e+00 5.886395448081489512e-01
2.583152000000000115e+01 4.968487911417115299e+01 0.000000000000000000e+00 1.288349911126167313e-01 0.000000000000000000e+00 6.217788964971869836e-01
2.643321999999999861e+01 5.211293233836919114e+01 0.000000000000000000e+00 1.337842065482125198e-01 0.000000000000000000e+00 6.507225782559383775e-01
2.704892999999999859e+01 5.420270807027743132e+01 0.000000000000000000e+00 1.386558885157174736e-01 0.000000000000000000e+00 6.753749704412911337e-01
2.767897999999999925e+01 5.594984144337512788e+01 0.000000000000000000e+00 1.433026245854316094e-01 0.000000000000000000e+00 6.957130694513314895e-01
2.832369999999999877e+01 5.733840485118706454e+01 0.000000000000000000e+00 1.477554428652036733e-01 0.000000000000000000e+00 7.115685111862583012e-01
2.898345000000000127e+01 5.835544584746702412e+01 0.000000000000000000e+00 1.520518081085492357e-01 0.000000000000000000e+00 7.228091192430935452e-01
2.965856000000000137e+01 5.895664747246836868e+01 0.000000000000000000e+00 1.560526599443801121e-01 0.000000000000000000e+00 7.289140040040043012e-01
