3.034939000000000039e-02 0.000000000000000000e+00 1.502113726824443522e-05 2.919396501709597367e-07 0.000000000000000000e+00 1.668875113187685555e-01
3.105631999999999837e-02 0.000000000000000000e+00 1.557643387317874937e-05 3.119039280196372298e-07 0.000000000000000000e+00 1.660537541236010162e-01
3.177971999999999742e-02 0.000000000000000000e+00 1.608078021680754138e-05 3.180730102275888610e-07 0.000000000000000000e+00 1.650636200898852324e-01
3.251996000000000053e-02 0.000000000000000000e+00 1.663688739683680368e-05 3.349710246425134507e-07 0.000000000000000000e+00 1.636275987950498723e-01
3.327745000000000009e-02 0.000000000000000000e+00 1.712036215500283042e-05 3.434235580001166556e-07 0.000000000000000000e+00 1.621958029537939883e-01
3.405257999999999896e-02 0.000000000000000000e+00 1.754963311083827855e-05 3.446487608061206811e-07 0.000000000000000000e+00 1.607965721587109043e-01
3.484576999999999813e-02 0.000000000000000000e+00 1.803420584138638633e-05 3.608898258695626453e-07 0.000000000000000000e+00 1.594299475222305806e-01
3.565742999999999691e-02 0.000000000000000000e+00 1.884983295198288869e-05 4.668967631619107605e-07 0.000000000000000000e+00 1.579463156214820363e-01
3.648799999999999960e-02 0.000000000000000000e+00 1.995462645450293593e-05 6.536284241118705639e-07 0.000000000000000000e+00 1.560959072162091954e-01
3.733791000000000193e-02 0.000000000000000000e+00 2.048242113959261167e-05 6.945500000624591331e-07 0.000000000000000000e+00 1.542638577968104274e-01
3.820761999999999770e-02 0.000000000000000000e+00 2.050275283445519067e-05 6.259811655597382066e-07 0.000000000000000000e+00 1.524733670117901507e-01
3.909759000000000151e-02 0.000000000000000000e+00 2.126496768754672324e-05 7.560381421400240974e-07 0.000000000000000000e+00 1.507229989522115288e-01
4.000829000000000191e-02 0.000000000000000000e+00 2.236803334983678441e-05 9.787381265820004337e-07 0.000000000000000000e+00 1.488874721152593505e-01
4.094020999999999771e-02 0.000000000000000000e+00 2.301312707383129698e-05 1.088913403807172726e-06 0.000000000000000000e+00 1.467597634926682271e-01
4.189382999999999996e-02 0.000000000000000000e+00 2.303173110726374609e-05 1.042993886996570538e-06 0.000000000000000000e+00 1.446589300699618330e-01
4.286965999999999694e-02 0.000000000000000000e+00 2.304381040711701642e-05 9.988192319554047342e-07 0.000000000000000000e+00 1.426032298054350222e-01
4.386821999999999944e-02 0.000000000000000000e+00 2.363049479352306425e-05 1.111737984082080901e-06 0.000000000000000000e+00 1.405913139019965841e-01
4.489003999999999911e-02 0.000000000000000000e+00 2.393619501840347057e-05 1.172121045233158281e-06 0.000000000000000000e+00 1.385225856368524078e-01
4.593566999999999789e-02 0.000000000000000000e+00 2.367532178092201310e-05 1.087407867689026375e-06 0.000000000000000000e+00 1.362317364905558381e-01
4.700564000000000131e-02 0.000000000000000000e+00 2.377912134886044131e-05 1.108791368670303021e-06 0.000000000000000000e+00 1.339753703163954757e-01
4.810054999999999886e-02 0.000000000000000000e+00 2.407028611940744138e-05 1.188240223222106246e-06 0.000000000000000000e+00 1.317696770562038489e-01
4.922094999999999942e-02 0.000000000000000000e+00 2.394082614243252778e-05 1.139021121226977600e-06 0.000000000000000000e+00 1.296109356657492717e-01
5.036746000000000278e-02 0.000000000000000000e+00 2.426932783978529839e-05 1.273134751073536113e-06 0.000000000000000000e+00 1.274159979695039524e-01
5.154066000000000203e-02 0.000000000000000000e+00 2.541230045550404670e-05 1.839094299890164146e-06 0.000000000000000000e+00 1.250445293663215718e-01
5.274120000000000197e-02 0.000000000000000000e+00 2.490729143039708819e-05 1.724391853880774448e-06 0.000000000000000000e+00 1.226811411756445480e-01
5.396970000000000239e-02 0.000000000000000000e+00 2.379529961022095608e-05 1.468077317330592892e-06 0.000000000000000000e+00 1.203245795150827829e-01
5.522682000000000285e-02 0.000000000000000000e+00 2.366167940164764827e-05 1.543367164601657897e-06 0.000000000000000000e+00 1.179566353017929420e-01
5.651322000000000290e-02 0.000000000000000000e+00 2.468230024948577460e-05 1.961503855550854208e-06 0.000000000000000000e+00 1.155060604090170223e-01
5.782957999999999849e-02 0.000000000000000000e+00 2.475727321329717414e-05 2.042334642640873177e-06 0.000000000000000000e+00 1.128690985414436271e-01
5.917660000000000281e-02 0.000000000000000000e+00 2.426914762066877891e-05 1.973492644934363560e-06 0.000000000000000000e+00 1.101943946885896308e-01
6.055499999999999772e-02 0.000000000000000000e+00 2.314761522939486830e-05 1.746265289869055900e-06 0.000000000000000000e+00 1.074873860834762024e-01
6.196551000000000142e-02 0.000000000000000000e+00 2.361086412434817994e-05 2.075717707963283827e-06 0.000000000000000000e+00 1.047468228363268306e-01
6.340887000000000606e-02 6.480664037826685453e-306 2.346663719212019583e-05 2.155865089753832927e-06 0.000000000000000000e+00 1.019346098970478898e-01
6.488584999999999492e-02 5.013714978492887405e-286 2.321053191097486364e-05 2.170417359718154321e-06 0.000000000000000000e+00 9.898199050381922826e-02
6.639723999999999626e-02 1.459522472916696710e-267 2.286882191325165993e-05 2.190913257576963459e-06 0.000000000000000000e+00 9.600208507953454651e-02
6.794382999999999673e-02 2.020807026775671516e-250 2.250754421683584487e-05 2.211037640475100191e-06 0.000000000000000000e+00 9.300776584106507094e-02
6.952643999999999491e-02 1.654551335630088422e-234 2.202023690616993295e-05 2.199069297416375299e-06 0.000000000000000000e+00 9.000532600305280462e-02
7.114592000000000138e-02 9.804530793974660619e-220 2.156354046570547767e-05 2.215442817490036716e-06 0.000000000000000000e+00 8.696551067291161119e-02
7.280311999999999895e-02 5.072468430005906722e-206 2.175150030257426003e-05 2.474992100158806981e-06 0.000000000000000000e+00 8.384388715410674708e-02
7.449893000000000487e-02 2.731488719593677911e-193 2.109390196209815575e-05 2.418175561457459793e-06 0.000000000000000000e+00 8.072464232016260399e-02
7.623423000000000005e-02 1.801354440136152113e-181 2.011710705594319567e-05 2.269668749756270491e-06 0.000000000000000000e+00 7.761929462439094707e-02
7.800994999999999457e-02 1.692076684020132263e-170 1.966818719520249702e-05 2.306447311363899168e-06 0.000000000000000000e+00 7.453163425330801284e-02
7.982704000000000188e-02 2.604451154134113313e-160 1.940355665023966978e-05 2.378014040380638436e-06 0.000000000000000000e+00 7.144874860272065753e-02
8.168644999999999379e-02 7.480886092238716366e-151 1.909676793983834547e-05 2.429488370819457097e-06 0.000000000000000000e+00 6.835021597483985356e-02
8.358917000000000430e-02 4.529776046612872380e-142 1.798349504235994271e-05 2.165708917670562021e-06 0.000000000000000000e+00 6.529597341187405590e-02
8.553621000000000141e-02 6.471801023293085819e-134 1.795098817079410591e-05 2.387036623167293822e-06 0.000000000000000000e+00 6.229836378698702659e-02
8.752861000000000669e-02 2.422448651814292727e-126 1.756102137011067787e-05 2.444792144700823373e-06 0.000000000000000000e+00 5.936789295965348018e-02
8.956741000000000008e-02 2.617560389635551548e-119 1.698496122017542767e-05 2.437853076018331510e-06 0.000000000000000000e+00 5.650218557220299670e-02
9.165370000000000461e-02 9.437335287628188279e-112 1.980540945841345222e-04 4.080756509916387813e-05 0.000000000000000000e+00 5.672164720698785745e-01
9.378859000000000501e-02 1.106528588168413948e-105 3.150999857980927329e-04 1.273666567066227700e-04 0.000000000000000000e+00 5.383774925785383969e-01
9.597321000000000324e-02 4.837421791032012599e-100 3.799417551978072978e-04 1.896633537166003789e-04 0.000000000000000000e+00 5.125030389289710886e-01
9.820871000000000461e-02 8.470484894923046293e-95 2.980601824827098264e-04 1.325744160522518899e-04 0.000000000000000000e+00 4.890403506729629202e-01
1.004962999999999967e-01 6.347761170012609972e-90 3.623411029712367542e-04 2.050417269146941187e-04 0.000000000000000000e+00 4.674358188156657046e-01
1.028371000000000007e-01 2.297739978934565355e-85 3.591709639238011486e-04 1.832386130825875282e-04 0.000000000000000000e+00 4.746668294079094408e-01
1.052325000000000066e-01 3.801442930562304128e-81 4.295754546678836033e-04 2.715780365301259506e-04 0.000000000000000000e+00 4.574077775054264383e-01
1.076836999999999933e-01 3.198456658836700388e-77 3.892844276105547076e-04 2.425741457865180153e-04 0.000000000000000000e+00 4.411778151164222339e-01
1.101919999999999983e-01 1.437360586103641796e-73 3.986255712873270143e-04 2.610983706982273494e-04 0.000000000000000000e+00 4.256605389739511192e-01
1.127587000000000034e-01 3.572645376213268683e-70 3.738935595424317903e-04 2.502149816461171628e-04 0.000000000000000000e+00 4.062938834476355621e-01
1.153851999999999933e-01 5.379518435433746155e-67 3.762371739441882864e-04 2.620160663372087906e-04 0.000000000000000000e+00 4.026740217491387996e-01
1.180728000000000055e-01 5.160124437122379973e-64 3.224756143783890565e-04 2.223133218438694508e-04 0.000000000000000000e+00 4.188623609382202129e-01
1.208231000000000027e-01 2.953214826751772421e-61 2.748509884285806689e-04 1.614940801999876921e-04 0.000000000000000000e+00 4.128981098371866110e-01
1.236373999999999945e-01 1.150516555559814573e-58 3.924363968479249861e-04 2.894074140665483987e-04 0.000000000000000000e+00 4.253837307817683322e-01
1.265172999999999992e-01 2.675483633524296852e-56 4.055695207232512403e-04 3.203804304536529116e-04 0.000000000000000000e+00 3.892186581384039501e-01
1.294643000000000044e-01 4.519136129039567376e-54 3.935328262738746106e-04 3.278736458359229997e-04 0.000000000000000000e+00 3.738438269827024096e-01
1.324799000000000115e-01 5.483149009765554057e-52 3.998478695903862935e-04 3.487078912165276806e-04 0.000000000000000000e+00 3.628886259430111338e-01
1.355657999999999863e-01 4.850989724669495197e-50 3.939456642921082834e-04 3.549260799254997951e-04 0.000000000000000000e+00 3.524981860068505668e-01
1.387234999999999996e-01 3.201283562817209735e-48 3.437685395607230246e-04 3.227732124715324957e-04 0.000000000000000000e+00 3.425663816913391280e-01
1.419547999999999921e-01 1.610979768734860115e-46 3.426996794187879601e-04 3.268639431335113293e-04 0.000000000000000000e+00 3.333690198839432961e-01
1.452613000000000099e-01 6.387106222307362087e-45 3.551213240908159961e-04 3.493739370096018439e-04 0.000000000000000000e+00 3.291618255514939251e-01
1.486448999999999965e-01 2.119671656307558435e-43 3.445465289108284824e-04 3.412022366949645489e-04 0.000000000000000000e+00 3.441256049499765157e-01
1.521073000000000008e-01 5.736275558126571703e-42 3.489809905917273347e-04 3.063617323633851630e-04 0.000000000000000000e+00 3.650521785093664984e-01
1.556502999999999914e-01 1.132003483652225577e-40 3.563013171126070636e-04 2.868897129623643009e-04 0.000000000000000000e+00 3.461398812183483775e-01
1.592758999999999980e-01 1.723837549300802058e-39 3.639187970083889410e-04 3.319774241358285191e-04 0.000000000000000000e+00 3.062153158489153149e-01
1.629858999999999891e-01 2.324257163687867449e-38 3.719136262247233100e-04 3.399238475960149721e-04 0.000000000000000000e+00 2.864048800489917279e-01
1.667822999999999944e-01 2.753628771159408455e-37 3.803283893406947565e-04 3.566094803802659211e-04 0.000000000000000000e+00 2.779143173770498021e-01
1.706671999999999911e-01 2.810939410055414887e-36 3.903909262267604989e-04 3.552412779379588987e-04 0.000000000000000000e+00 2.705702217016589528e-01
1.746425000000000061e-01 2.629291933837786433e-35 4.047672112359467530e-04 3.642839817423824521e-04 0.000000000000000000e+00 2.633623605381343324e-01
1.787104999999999944e-01 2.299050698909454447e-34 4.202903875976333808e-04 3.801287611245305655e-04 0.000000000000000000e+00 2.561136236146890344e-01
1.828732000000000135e-01 1.879128771980534775e-33 4.452131290128639443e-04 4.162013943879881912e-04 0.000000000000000000e+00 2.488019017994707871e-01
1.871327999999999880e-01 1.437453336075715457e-32 4.754628108924564356e-04 4.422270773278624357e-04 0.000000000000000000e+00 2.415307694551234452e-01
1.914916999999999869e-01 1.032088946407300915e-31 5.156790777414410045e-04 4.671207713937782402e-04 0.000000000000000000e+00 2.344293614523408620e-01
1.959520999999999902e-01 6.987177989451429190e-31 5.732526264486697458e-04 4.888466770951508094e-04 0.000000000000000000e+00 2.274129455710348913e-01
2.005164999999999864e-01 4.498526330537728336e-30 6.331850470481043209e-04 5.107906886671882783e-04 0.000000000000000000e+00 2.204937296736278196e-01
2.051871000000000111e-01 2.792634345861046374e-29 6.957449716287325342e-04 5.313125657053726671e-04 0.000000000000000000e+00 2.138823695212670462e-01
2.099665000000000004e-01 1.700189268928079532e-28 7.594292307862763160e-04 5.524717906219008641e-04 0.000000000000000000e+00 2.076677645971646557e-01
2.148573000000000011e-01 1.033284309278141614e-27 8.176705258500643891e-04 5.759050674251321375e-04 0.000000000000000000e+00 2.019194728953224438e-01
2.198618999999999990e-01 6.362047037842400562e-27 8.691640068003064811e-04 6.007971886078881246e-04 0.000000000000000000e+00 1.968820814483930037e-01
2.249831999999999943e-01 3.991249266311658559e-26 8.698507245967647796e-04 6.307229296352498665e-04 0.000000000000000000e+00 1.926605641319392159e-01
2.302237000000000033e-01 2.537629967240783040e-25 8.580276182766016042e-04 6.621677120607508214e-04 0.000000000000000000e+00 1.891648270101970175e-01
2.355862999999999985e-01 1.613464989752893099e-24 8.305498637653157623e-04 6.950505680165921032e-04 0.000000000000000000e+00 1.862442364966953867e-01
2.410738000000000048e-01 1.009353271377697689e-23 8.248393311884200671e-04 7.290365985748057873e-04 0.000000000000000000e+00 1.837323273892975117e-01
2.466890999999999945e-01 6.122918628661990455e-23 8.929779951514178532e-04 7.657266887068281055e-04 0.000000000000000000e+00 1.814840328705351336e-01
2.524352999999999736e-01 3.566303939894804450e-22 1.026915556664629095e-03 8.027969469346320957e-04 0.000000000000000000e+00 1.794948949383481096e-01
2.583152000000000226e-01 1.989090200828681034e-21 1.254344175527502157e-03 8.398771354465277414e-04 0.000000000000000000e+00 1.782870595225488908e-01
2.643322000000000171e-01 1.099315138909659737e-20 1.758890547187293239e-03 8.747980745434304380e-04 0.000000000000000000e+00 1.844508416758081915e-01
2.704892999999999881e-01 6.375286645724330774e-20 2.421009077540371267e-03 9.073490370554859611e-04 0.000000000000000000e+00 2.104751622883492268e-01
2.767897999999999747e-01 3.346192565929676813e-19 3.173798637373355727e-03 9.387799550534561789e-04 0.000000000000000000e+00 2.281670739865392095e-01
2.832370000000000165e-01 1.378172274862812050e-18 4.162840931018363215e-03 9.712045456845852260e-04 0.000000000000000000e+00 2.033237729638684987e-01
2.898344999999999949e-01 5.149649480020765250e-18 5.394314862391987563e-03 1.005314621648443433e-03 0.000000000000000000e+00 1.718101080762795552e-01
2.965856000000000048e-01 2.040767169808345757e-17 6.759336047638273004e-03 1.046207922232040904e-03 0.000000000000000000e+00 1.605752414200289635e-01
3.034938999999999831e-01 8.055488576661396071e-17 7.690798997653732622e-03 1.092402973623709563e-03 0.000000000000000000e+00 1.555593673743722871e-01
3.105631999999999837e-01 3.060626651432420050e-16 9.028534904843626627e-03 1.149527631699735070e-03 0.000000000000000000e+00 1.506575732951588864e-01
3.177972000000000019e-01 1.118580916650412935e-15 1.258131552574641952e-02 1.221138012780311399e-03 0.000000000000000000e+00 1.455167371566931933e-01
3.251995999999999776e-01 3.941846757277793797e-15 1.414481171692740825e-02 1.313269627893538100e-03 0.000000000000000000e+00 1.402832640572754253e-01
3.327744999999999731e-01 1.059473153384220128e-14 1.501972942763633509e-02 1.429203758722534653e-03 0.000000000000000000e+00 1.350311117316105869e-01
3.405257999999999896e-01 1.819093118490295564e-14 1.599210810080168785e-02 1.571620418076067824e-03 0.000000000000000000e+00 1.297700986183791261e-01
3.484576999999999813e-01 2.823684246714992471e-14 1.763919926539754546e-02 1.734952402124947815e-03 0.000000000000000000e+00 1.245850457823631380e-01
3.565743000000000107e-01 4.129685668672442321e-14 1.811546533926298649e-02 1.859024659117350462e-03 0.000000000000000000e+00 1.194400548216143498e-01
3.648799999999999821e-01 5.931014646278594494e-14 2.240617198228801385e-02 1.937334302906778194e-03 0.000000000000000000e+00 1.143724918682269970e-01
3.733791000000000193e-01 8.660518596996204967e-14 2.368778786309473292e-02 2.284543711763166625e-03 0.000000000000000000e+00 1.094027819741677371e-01
3.820761999999999770e-01 1.318591865543524886e-13 2.037416150249306626e-02 2.429528597628360237e-03 0.000000000000000000e+00 1.045174126328388547e-01
3.909758999999999873e-01 2.126956366995873422e-13 2.406240190188522685e-02 2.673466148262279834e-03 0.000000000000000000e+00 9.976236868682987480e-02
4.000829000000000191e-01 3.659624530473862249e-13 4.039962393389003731e-02 3.077267659594489554e-03 0.000000000000000000e+00 9.516787867265844025e-02
4.094020999999999910e-01 6.712236421275713843e-13 4.867150839785532035e-02 3.293057883056483681e-03 0.000000000000000000e+00 9.077663801675829591e-02
4.189382999999999857e-01 1.303920463630421699e-12 4.931739849935244668e-02 3.509365535484988783e-03 0.000000000000000000e+00 8.662642706857102970e-02
4.286965999999999832e-01 2.654340158353788148e-12 5.421206410700871170e-02 3.516920637925578449e-03 0.000000000000000000e+00 8.273121801482562210e-02
4.386822000000000221e-01 5.590032811498653611e-12 6.413787977356541492e-02 3.728718255216784561e-03 0.000000000000000000e+00 7.911452211314125293e-02
4.489003999999999772e-01 1.210092706552816659e-11 7.436490615164831341e-02 4.118133553057417955e-03 0.000000000000000000e+00 7.634362563018090575e-02
4.593567000000000067e-01 2.842428711787901799e-11 8.137528937822074981e-02 4.255510110502956286e-03 0.000000000000000000e+00 7.957180044791818674e-02
4.700563999999999854e-01 7.733703968235017105e-11 8.460949344450964527e-02 4.361160682661067642e-03 0.000000000000000000e+00 9.683889883375837448e-02
4.810054999999999747e-01 1.868228403357568940e-10 8.978920645027438363e-02 4.443480336190564622e-03 0.000000000000000000e+00 1.066132064393969375e-01
4.922095000000000220e-01 3.296205907725366860e-10 8.934916616027557823e-02 4.488264807551641498e-03 0.000000000000000000e+00 8.808295741007628188e-02
5.036745999999999723e-01 5.237506919053202217e-10 8.703652741931111603e-02 4.592367361368959906e-03 0.000000000000000000e+00 6.774111909823755939e-02
5.154066000000000480e-01 9.493195635165731787e-10 8.458547665577811903e-02 4.590173331758919291e-03 0.000000000000000000e+00 6.163713908612380304e-02
5.274119999999999919e-01 1.765122905770825848e-09 9.549057359426117719e-02 4.665157248197896768e-03 0.000000000000000000e+00 5.973648579352453664e-02
5.396969999999999823e-01 3.181436074068849109e-09 1.007978157422060178e-01 5.033912512279694988e-03 0.000000000000000000e+00 5.821333625375322424e-02
5.522681999999999869e-01 5.554243289278990931e-09 1.040415166478977221e-01 5.259468911460532699e-03 0.000000000000000000e+00 5.683954945459366442e-02
5.651321999999999734e-01 9.431990072470502614e-09 1.079314425765380975e-01 5.371249224713952990e-03 0.000000000000000000e+00 5.560591631468216750e-02
5.782958000000000265e-01 1.566020089183011456e-08 1.087734743855340858e-01 5.422580168772303186e-03 0.000000000000000000e+00 5.449974060389904673e-02
5.917660000000000142e-01 2.556865883516522061e-08 1.109113944971531485e-01 5.515657278615880565e-03 0.000000000000000000e+00 5.350694113435293386e-02
6.055500000000000327e-01 4.166190550732237559e-08 1.207499632735592049e-01 5.663382015440108185e-03 0.000000000000000000e+00 5.307478930706290010e-02
6.196551000000000142e-01 7.421605427140548134e-08 1.200297545631653223e-01 5.830090981506891833e-03 0.000000000000000000e+00 5.791371069017675621e-02
6.340886999999999496e-01 1.598518621408830957e-07 1.173392922246879744e-01 5.984366939567571826e-03 0.000000000000000000e+00 7.644237033026897443e-02
6.488585000000000047e-01 3.039953820008510557e-07 1.239167769658577611e-01 6.123614267388700037e-03 0.000000000000000000e+00 8.867695852395392209e-02
6.639724000000000181e-01 4.086711184651283419e-07 1.285360347003908776e-01 6.244370101352346610e-03 0.000000000000000000e+00 7.208098573557841782e-02
6.794383000000000505e-01 4.940788993592946118e-07 1.298265865420651088e-01 6.344762707765170574e-03 0.000000000000000000e+00 5.206780351610837410e-02
6.952644000000000046e-01 7.430908046036249243e-07 1.335321395556884339e-01 6.426690087476121492e-03 0.000000000000000000e+00 4.614665854271802342e-02
7.114591999999999583e-01 1.234350005781014567e-06 1.309121374115921055e-01 6.500812524278287360e-03 0.000000000000000000e+00 4.452555101591692405e-02
7.280311999999999895e-01 2.089259132975476213e-06 1.348207648837080885e-01 6.571289310922264620e-03 0.000000000000000000e+00 4.318460997120257550e-02
7.449892999999999654e-01 3.579301668479869461e-06 1.470893173102709173e-01 6.638144370183582908e-03 0.000000000000000000e+00 4.191290460055069333e-02
7.623423000000000282e-01 6.190784551894561292e-06 1.457641129978748673e-01 6.707333103629060413e-03 0.000000000000000000e+00 4.074858771457037093e-02
7.800994999999999457e-01 1.076617938459649173e-05 1.401926947031399973e-01 6.782003674743253448e-03 0.000000000000000000e+00 3.971867473586070812e-02
7.982704000000000466e-01 1.871500712688904428e-05 1.391423415654929885e-01 6.861288260254596628e-03 0.000000000000000000e+00 3.882764802220385614e-02
8.168644999999999934e-01 3.228272393022840612e-05 1.491469696894500707e-01 6.952075011428171178e-03 0.000000000000000000e+00 3.807283792096752967e-02
8.358917000000000153e-01 5.478943626544853089e-05 1.516161157730789022e-01 7.059570628394950045e-03 0.000000000000000000e+00 3.744667869280954992e-02
8.553621000000000141e-01 9.061233532134586421e-05 1.484624144213409769e-01 7.168747697368686722e-03 0.000000000000000000e+00 3.693862006898932654e-02
8.752860999999999558e-01 1.445311882215907003e-04 1.609286460146786557e-01 7.286314897174766235e-03 0.000000000000000000e+00 3.654580329719762238e-02
8.956741000000000286e-01 2.198868063516695194e-04 1.629496293955535746e-01 7.410401030896563573e-03 0.000000000000000000e+00 3.626423188465084657e-02
9.165370000000000461e-01 3.208498354335469985e-04 1.679389196576781540e-01 7.536786993011394646e-03 0.000000000000000000e+00 3.608044133662665492e-02
9.378859000000000501e-01 4.610090070385894551e-04 1.610161167570229312e-01 7.667902967455557384e-03 0.000000000000000000e+00 3.598931033601242280e-02
9.597320999999999769e-01 6.552338950712192564e-04 1.638275525741078598e-01 7.801083278355208997e-03 0.000000000000000000e+00 3.598512777157848730e-02
9.820870999999999906e-01 9.213465296023663808e-04 1.680791033501678189e-01 7.938669841553764803e-03 0.000000000000000000e+00 3.605544274850919217e-02
1.004963000000000051e+00 1.281769729251164107e-03 1.759477686608256763e-01 8.030938164485176833e-03 0.000000000000000000e+00 3.618555492770637871e-02
1.028370999999999924e+00 1.764489216610810396e-03 1.763885566343359190e-01 8.022000938655330163e-03 0.000000000000000000e+00 3.636494756107994109e-02
1.052324999999999955e+00 2.404749385512932203e-03 1.737467966065371627e-01 8.008348202811531660e-03 0.000000000000000000e+00 3.659704395068045374e-02
1.076837000000000044e+00 3.245494368590310427e-03 1.702731098390739273e-01 7.931885316808585940e-03 0.000000000000000000e+00 3.687752537886248433e-02
1.101920000000000011e+00 4.338428495592914005e-03 1.666693335830396472e-01 7.828452894521524194e-03 0.000000000000000000e+00 3.719941967212862105e-02
1.127586999999999895e+00 5.747004129473416364e-03 1.644752063569705491e-01 7.826130988053035809e-03 0.000000000000000000e+00 3.756799862317555111e-02
1.153852000000000100e+00 7.549985007264382181e-03 1.645166622290489267e-01 7.833031770200307026e-03 0.000000000000000000e+00 3.799999494726282595e-02
1.180728000000000000e+00 9.844145090750516802e-03 1.615613271170200094e-01 7.824745957226797097e-03 0.000000000000000000e+00 3.851309050411356322e-02
1.208231000000000055e+00 1.274345112997133690e-02 1.602752665803307275e-01 7.828847839912287179e-03 0.000000000000000000e+00 3.911037458828188484e-02
1.236374000000000084e+00 1.638371826346939064e-02 1.600673116447209887e-01 7.843448813505019684e-03 0.000000000000000000e+00 3.979501549759813933e-02
1.265173000000000103e+00 2.092458023024333647e-02 1.579039750273556753e-01 7.790165850364945063e-03 0.000000000000000000e+00 4.056779065828362146e-02
1.294642999999999988e+00 2.655269053775133684e-02 1.564726518188428728e-01 7.728594578394215424e-03 0.000000000000000000e+00 4.142896548330278483e-02
1.324799000000000060e+00 3.348963833698387349e-02 1.540072892046967512e-01 7.689062291925868008e-03 0.000000000000000000e+00 4.238477389693389580e-02
1.355658000000000030e+00 4.200257080997125969e-02 1.513273140954361218e-01 7.588542409651678235e-03 0.000000000000000000e+00 4.344973347496234456e-02
1.387234999999999996e+00 5.240045201889909771e-02 1.484612503304188480e-01 7.555231897959154008e-03 0.000000000000000000e+00 4.463193276760975270e-02
1.419548000000000032e+00 6.503512371883495014e-02 1.438056355312703760e-01 7.448736122680247977e-03 0.000000000000000000e+00 4.593350952551294997e-02
1.452612999999999932e+00 8.031359620820122114e-02 1.458147185553635705e-01 7.469664571115919305e-03 0.000000000000000000e+00 4.735889106414585548e-02
1.486448999999999909e+00 9.869798758555414775e-02 1.466743106816923159e-01 7.514935042021757966e-03 0.000000000000000000e+00 4.891067140301974536e-02
1.521072999999999897e+00 1.206952234216114583e-01 1.532110484566672759e-01 7.698085063932168064e-03 0.000000000000000000e+00 5.058439621959405497e-02
1.556502999999999970e+00 1.468908011154505810e-01 1.538159336240541297e-01 7.830396858508831617e-03 0.000000000000000000e+00 5.238422407524241653e-02
1.592759000000000036e+00 1.779238223486709625e-01 1.499403340797731132e-01 7.833706409948376637e-03 0.000000000000000000e+00 5.430894097212783656e-02
1.629858999999999947e+00 2.144569663045181040e-01 1.525460489208306236e-01 7.917701752819203756e-03 0.000000000000000000e+00 5.634660180483213460e-02
1.667823000000000055e+00 2.571355283998142949e-01 1.530097558449432238e-01 7.831997651940725627e-03 0.000000000000000000e+00 5.847221203361131769e-02
1.706671999999999967e+00 3.066545983333202052e-01 1.505079465431815589e-01 7.610408448000059722e-03 0.000000000000000000e+00 6.067084971656602072e-02
1.746424999999999894e+00 3.637460300740582020e-01 1.421667554590214377e-01 7.279088998676971380e-03 0.000000000000000000e+00 6.293209887428213856e-02
1.787104999999999944e+00 4.290777368745709031e-01 1.321159613423849577e-01 6.979675629896221409e-03 0.000000000000000000e+00 6.523391158915485544e-02
1.828732000000000024e+00 5.031633598733670221e-01 1.233206422108836242e-01 6.634332223467388420e-03 0.000000000000000000e+00 6.753873196390294820e-02
1.871328000000000102e+00 5.864861507047550715e-01 1.159924921268752768e-01 6.307976012084068849e-03 0.000000000000000000e+00 6.981949927095668085e-02
1.914916999999999980e+00 6.795134244813525459e-01 1.108007636566611248e-01 6.031937918435958598e-03 0.000000000000000000e+00 7.205913766984042845e-02
1.959521000000000068e+00 7.825049959424282831e-01 1.043935715913640178e-01 5.720449674467142573e-03 0.000000000000000000e+00 7.422977243791918645e-02
2.005164999999999864e+00 8.959697095333540862e-01 9.947487211419700492e-02 5.472151185337901895e-03 0.000000000000000000e+00 7.633887299215764977e-02
2.051870999999999778e+00 1.020562585531473943e+00 9.630797100796385790e-02 5.214308692187736780e-03 0.000000000000000000e+00 7.840626724663220248e-02
2.099664999999999893e+00 1.157085430036764118e+00 9.358607660612977552e-02 4.988629048747209027e-03 0.000000000000000000e+00 8.045829453076733251e-02
2.148572999999999844e+00 1.306057560966236819e+00 9.078241632818861984e-02 4.782173817973923644e-03 0.000000000000000000e+00 8.249696999489698757e-02
2.198618999999999879e+00 1.467757795452994563e+00 8.704714671182044172e-02 4.562219539591258997e-03 0.000000000000000000e+00 8.451212517789763456e-02
2.249832000000000054e+00 1.642168119830950790e+00 8.317954458123394401e-02 4.372216439991737438e-03 0.000000000000000000e+00 8.648376480096700569e-02
2.302236999999999867e+00 1.828757762567831291e+00 7.255292438540336675e-02 3.917198157501860720e-03 0.000000000000000000e+00 8.837626330168552036e-02
2.355862999999999818e+00 2.028306117653974727e+00 6.283241443259662828e-02 3.488178999100292714e-03 0.000000000000000000e+00 9.022652988770636651e-02
2.410737999999999825e+00 2.240640666396548575e+00 5.695455824112215931e-02 3.252811718539231570e-03 0.000000000000000000e+00 9.202453643960974150e-02
2.466890999999999945e+00 2.464498242318468701e+00 4.990984571202256026e-02 3.073206590418690268e-03 0.000000000000000000e+00 9.372432566192623327e-02
2.524353000000000069e+00 2.699098607466326349e+00 4.372891662749523595e-02 2.878301796424166843e-03 0.000000000000000000e+00 9.531269492037489077e-02
2.583152000000000115e+00 2.943807192763623792e+00 4.374764214965107950e-02 2.895107200094251994e-03 0.000000000000000000e+00 9.678790719711857782e-02
2.643321999999999949e+00 3.198224667518518416e+00 4.295666587525382579e-02 2.835249633586052736e-03 0.000000000000000000e+00 9.815882742931462956e-02
2.704893000000000214e+00 3.461894454561461387e+00 4.196193807785188884e-02 2.749867586629451636e-03 0.000000000000000000e+00 9.943303699204375512e-02
2.767898000000000192e+00 3.735436698413451051e+00 4.053373849662188222e-02 2.673455047695987713e-03 0.000000000000000000e+00 1.006475003159211234e-01
2.832370000000000054e+00 4.019210119616804633e+00 3.902287245717245973e-02 2.580957657509775835e-03 0.000000000000000000e+00 1.018256399669778545e-01
2.898344999999999949e+00 4.313831625435377681e+00 3.729793490091000419e-02 2.521970725572244762e-03 0.000000000000000000e+00 1.029930183890547524e-01
2.965856000000000048e+00 4.621502334896008257e+00 3.553455230433814199e-02 2.433801756426533583e-03 0.000000000000000000e+00 1.042062682086167535e-01
3.034939000000000053e+00 4.943007378709192601e+00 3.400687358269986749e-02 2.346244348199190768e-03 0.000000000000000000e+00 1.054804014821139335e-01
3.105631999999999948e+00 5.276963191423650557e+00 3.279987865261914382e-02 2.257308275322361668e-03 0.000000000000000000e+00 1.067837863741951804e-01
3.177972000000000019e+00 5.621902591307907038e+00 3.151435573689580910e-02 2.195654829065050127e-03 0.000000000000000000e+00 1.080897461148932898e-01
3.251996000000000109e+00 5.977482750221021490e+00 3.022137895202705454e-02 2.464012221913826958e-03 0.000000000000000000e+00 1.093976752559423088e-01
3.327745000000000175e+00 6.339583895718296169e+00 2.879343481077069333e-02 2.918823633076466327e-03 0.000000000000000000e+00 1.106415674483612194e-01
3.405257999999999896e+00 6.704243860199103899e+00 2.727490645965762947e-02 2.360356531557110914e-03 0.000000000000000000e+00 1.117702027658316472e-01
3.484576999999999813e+00 7.066807774471773662e+00 2.574482450106156325e-02 2.147691473913259513e-03 0.000000000000000000e+00 1.127305750841618437e-01
3.565742999999999885e+00 7.424763349757633080e+00 2.419041046341407000e-02 1.842719356705699307e-03 0.000000000000000000e+00 1.135116602957971232e-01
3.648800000000000043e+00 7.776669415060581514e+00 2.265976405981722647e-02 1.721221333209508805e-03 0.000000000000000000e+00 1.141202586333420893e-01
3.733791000000000082e+00 8.121270282124823936e+00 2.108895667941193888e-02 1.638038196644961463e-03 0.000000000000000000e+00 1.145649335434676952e-01
3.820762000000000214e+00 8.459089556440329005e+00 1.970268593180850639e-02 1.563786677664761281e-03 0.000000000000000000e+00 1.148771951237872457e-01
3.909759000000000206e+00 8.792362197848227368e+00 1.828556422769326076e-02 1.490896662482231417e-03 0.000000000000000000e+00 1.151063675105442607e-01
4.000829000000000413e+00 9.124356721991786046e+00 1.689147459820103045e-02 1.409887551561636934e-03 0.000000000000000000e+00 1.153078453482344751e-01
4.094020999999999688e+00 9.461414653619160120e+00 1.567574106230276709e-02 1.339600219642202465e-03 0.000000000000000000e+00 1.155669532390661142e-01
4.189383000000000301e+00 9.810421615986086863e+00 1.455998892578987992e-02 1.287713881897438115e-03 0.000000000000000000e+00 1.159642430162323434e-01
4.286965999999999610e+00 1.017642043870570667e+01 1.315831747327052270e-02 1.221944331209832545e-03 0.000000000000000000e+00 1.165490079509047122e-01
4.386822000000000443e+00 1.056305451941715212e+01 1.139651597736290357e-02 1.138223524437341266e-03 0.000000000000000000e+00 1.173490534288249842e-01
4.489004000000000438e+00 1.097254351281651985e+01 1.028766910891664062e-02 1.086131924450706035e-03 0.000000000000000000e+00 1.183736805579890111e-01
4.593567000000000178e+00 1.140684617637785081e+01 9.582164791043172591e-03 1.065992269282190277e-03 0.000000000000000000e+00 1.196285726366500268e-01
4.700563999999999965e+00 1.186668005026577255e+01 9.064282847311817826e-03 1.066000748953705368e-03 0.000000000000000000e+00 1.211063500828656048e-01
4.810055000000000192e+00 1.234967079838700599e+01 8.539796895100525490e-03 1.077849216805322908e-03 0.000000000000000000e+00 1.227699270674729171e-01
4.922094999999999665e+00 1.284890776455312533e+01 7.994779009849822815e-03 1.090566658302117523e-03 0.000000000000000000e+00 1.245422423036087328e-01
5.036745999999999945e+00 1.335802399951143293e+01 7.505394525988725966e-03 1.099560676852329687e-03 0.000000000000000000e+00 1.263590517710568017e-01
5.154066000000000258e+00 1.387244963181416146e+01 7.035036932405155409e-03 1.132642129635180305e-03 0.000000000000000000e+00 1.281788090821572301e-01
5.274119999999999919e+00 1.438349853926440858e+01 6.606393156511939160e-03 1.179416768438080500e-03 0.000000000000000000e+00 1.299265157153177697e-01
5.396969999999999601e+00 1.488599470338102648e+01 6.200235138991466895e-03 1.236682490489715265e-03 0.000000000000000000e+00 1.315645960834228301e-01
5.522681999999999647e+00 1.537669989267421755e+01 5.815161661476288789e-03 1.303042104597031473e-03 0.000000000000000000e+00 1.330751454354439645e-01
5.651322000000000401e+00 1.585173671565419795e+01 5.444013426326300802e-03 1.376569516444605843e-03 0.000000000000000000e+00 1.344359644849410229e-01
5.782957999999999821e+00 1.630772234023066503e+01 5.099402567080031645e-03 1.456619458245178057e-03 0.000000000000000000e+00 1.356303284309045565e-01
5.917659999999999698e+00 1.674422772117521063e+01 4.756834891744782766e-03 1.546496337607628987e-03 0.000000000000000000e+00 1.366664610578881278e-01
6.055500000000000327e+00 1.716186784907838714e+01 4.442563889379742663e-03 2.887086881425313892e-03 0.000000000000000000e+00 1.375599189113600462e-01
6.196551000000000364e+00 1.755991049382944880e+01 4.156854695801430986e-03 8.846575785607560527e-03 0.000000000000000000e+00 1.383141394543739855e-01
6.340887000000000384e+00 1.793736266688742376e+01 3.886757330782807194e-03 4.541761516051440357e-03 0.000000000000000000e+00 1.389299129670553135e-01
6.488584999999999603e+00 1.829369422416850099e+01 3.637118798018494116e-03 1.890785928530351644e-03 0.000000000000000000e+00 1.394111181303182290e-01
6.639724000000000181e+00 1.862624783911839188e+01 3.404370138518894150e-03 1.957524060570044622e-03 0.000000000000000000e+00 1.397450524633560009e-01
6.794382999999999839e+00 1.893059936352155859e+01 3.184238720695122329e-03 2.028131263370368774e-03 0.000000000000000000e+00 1.399063480039193230e-01
6.952644000000000268e+00 1.920376191158471357e+01 2.978714079767617786e-03 2.102568315663646669e-03 0.000000000000000000e+00 1.398811834302107204e-01
7.114592000000000027e+00 1.944881423847832380e+01 2.784441716209753743e-03 2.273109555048244065e-03 0.000000000000000000e+00 1.396996506388657466e-01
7.280312000000000339e+00 1.967133197396248434e+01 2.600947591280061959e-03 4.481579663332378033e-03 0.000000000000000000e+00 1.394074874177493040e-01
7.449893000000000320e+00 1.987601968353368420e+01 2.427286828924696532e-03 6.506400738001653569e-03 0.000000000000000000e+00 1.390416087725394045e-01
7.623422999999999838e+00 2.007364886585411057e+01 2.267224257259430314e-03 8.239969067470598318e-03 0.000000000000000000e+00 1.386787339540671571e-01
7.800995000000000346e+00 2.028100686702246236e+01 2.116703879842171069e-03 7.648928255866199039e-03 0.000000000000000000e+00 1.384327721917053000e-01
7.982704000000000022e+00 2.050692201322433661e+01 1.975769314739874404e-03 6.800474317583945182e-03 0.000000000000000000e+00 1.383586219943515050e-01
8.168644999999999712e+00 2.075519463936137754e+01 1.845100343600088828e-03 5.057123702338964071e-03 0.000000000000000000e+00 1.384753450569610467e-01
8.358916999999999931e+00 2.103105106278946934e+01 1.723311125419495042e-03 3.059014832772316908e-03 0.000000000000000000e+00 1.388108437027070763e-01
8.553620999999999697e+00 2.134134559338281534e+01 1.610668028877855181e-03 3.150514385254024087e-03 0.000000000000000000e+00 1.394027757736507889e-01
8.752860999999999336e+00 2.168598420661206561e+01 1.505668587652523802e-03 3.287330820881903450e-03 0.000000000000000000e+00 1.402426793073293654e-01
8.956740999999999175e+00 2.205826115456011394e+01 1.407587369125911769e-03 3.173432517007709116e-03 0.000000000000000000e+00 1.412804385068064106e-01
9.165369999999999351e+00 2.244605054868030791e+01 1.316287974357938269e-03 3.100365660688210196e-03 0.000000000000000000e+00 1.424337441678761307e-01
9.378859000000000279e+00 2.283308513671634898e+01 1.231121837113116841e-03 3.110511946412248315e-03 0.000000000000000000e+00 1.435974380568947051e-01
9.597321000000000879e+00 2.320008354414775553e+01 1.151125163605697804e-03 3.175585071014075996e-03 0.000000000000000000e+00 1.446513148085302458e-01
9.820871000000000350e+00 2.353433797369261171e+01 1.068435246110359263e-03 3.234913949116444143e-03 0.000000000000000000e+00 1.455197735151460003e-01
1.004963000000000051e+01 2.383154904824782960e+01 9.839406351680715559e-04 3.266575264241152691e-03 0.000000000000000000e+00 1.461810121283826924e-01
1.028370999999999924e+01 2.408358948164589464e+01 9.180524335708389926e-04 3.321618990721217444e-03 0.000000000000000000e+00 1.465903128555963164e-01
1.052325000000000088e+01 2.428738313020305384e+01 8.552921486818401784e-04 3.378433286835898913e-03 0.000000000000000000e+00 1.467344972375051737e-01
1.076837000000000089e+01 2.444045223123492860e+01 7.968199971243313884e-04 3.436587287654229491e-03 0.000000000000000000e+00 1.466040042778513353e-01
1.101919999999999966e+01 2.454281128619328811e+01 7.423444531127044001e-04 4.698889904530396261e-03 0.000000000000000000e+00 1.462040334688562426e-01
1.127586999999999939e+01 2.458984529982232203e+01 6.915929316662037000e-04 1.163057709383486307e-02 0.000000000000000000e+00 1.455119057288825624e-01
1.153852000000000011e+01 2.459006501399047906e+01 6.443108622255282148e-04 6.893799908100927722e-03 0.000000000000000000e+00 1.445823750889827231e-01
1.180728000000000044e+01 2.460149786593462551e+01 6.002571532284844621e-04 3.512390801098050526e-03 0.000000000000000000e+00 1.437578610499641862e-01
1.208230999999999966e+01 2.465839037992886773e+01 5.592141756200946822e-04 3.497914687946230769e-03 0.000000000000000000e+00 1.432342533291654785e-01
1.236373999999999995e+01 2.480025936489556670e+01 5.209761543849129829e-04 3.482988668567236958e-03 0.000000000000000000e+00 1.432335250685802808e-01
1.265173000000000059e+01 2.504524565539570347e+01 4.853458202776260249e-04 3.481772656538538110e-03 0.000000000000000000e+00 1.438503091213389762e-01
1.294642999999999944e+01 2.537693562075233089e+01 4.521494008265298419e-04 3.473660855881926038e-03 0.000000000000000000e+00 1.449803614415657582e-01
1.324798999999999971e+01 2.580002075267486461e+01 4.212180102181940799e-04 3.457279444747654671e-03 0.000000000000000000e+00 1.466421501588505705e-01
1.355658000000000030e+01 2.639160009045313871e+01 3.923976697711396497e-04 3.431436539536731212e-03 0.000000000000000000e+00 1.492637855727456941e-01
1.387235000000000085e+01 2.724164600755378629e+01 3.655432843476644125e-04 3.395628742883816890e-03 0.000000000000000000e+00 1.533381738054562793e-01
1.419547999999999988e+01 2.847375192574279978e+01 3.405218191070797317e-04 3.350670837952275313e-03 0.000000000000000000e+00 1.595384058906074987e-01
1.452613000000000021e+01 3.005785123600830389e+01 3.172083980338208853e-04 3.296947605073504914e-03 0.000000000000000000e+00 1.676697613313142821e-01
1.486448999999999998e+01 3.178599794693397484e+01 2.954873513869079996e-04 3.234880535089551534e-03 0.000000000000000000e+00 1.765545608318675463e-01
1.521072999999999986e+01 3.339449261704897509e+01 2.752512773409501842e-04 3.166213557935893420e-03 0.000000000000000000e+00 1.847275524749899256e-01
1.556503000000000014e+01 3.468464423728636348e+01 2.563982532758431903e-04 3.095870183664237597e-03 0.000000000000000000e+00 1.911053367487631494e-01
1.592759000000000036e+01 3.562161558829041041e+01 2.388362657710592417e-04 3.056110813121785084e-03 0.000000000000000000e+00 1.955197211425651616e-01
1.629859000000000080e+01 3.622562405834615618e+01 2.224776940702206810e-04 3.020081221507800798e-03 0.000000000000000000e+00 1.981046089723618453e-01
1.667822999999999922e+01 3.647048586222906152e+01 2.072423579000059969e-04 2.983586905123460434e-03 0.000000000000000000e+00 1.987376569356257006e-01
1.706672000000000011e+01 3.627931112408057146e+01 1.930549918513451270e-04 2.950505715841237383e-03 0.000000000000000000e+00 1.970214944087963216e-01
1.746424999999999983e+01 3.558627064586016786e+01 1.798465693675101694e-04 2.923066301783903195e-03 0.000000000000000000e+00 1.926225036075612240e-01
1.787105000000000032e+01 3.439890748689919775e+01 1.675529735881753953e-04 2.902954947747648281e-03 0.000000000000000000e+00 1.856056564430547118e-01
1.828732000000000113e+01 3.272106334755971346e+01 1.561149269532562350e-04 2.892014430601628616e-03 0.000000000000000000e+00 1.760135602373235630e-01
1.871328000000000102e+01 3.076427478853288378e+01 1.454754164658701439e-04 2.890584895540371322e-03 0.000000000000000000e+00 1.650007375786264607e-01
1.914917000000000158e+01 2.884064492392237966e+01 1.355807887922464718e-04 2.907129669708922049e-03 0.000000000000000000e+00 1.542450449842155680e-01
1.959521000000000157e+01 2.731327394779389195e+01 1.263791317946016035e-04 2.949548543060052843e-03 0.000000000000000000e+00 1.456773172964508922e-01
2.005164999999999864e+01 2.646440990910607738e+01 1.178212939147774266e-04 3.000723049766865387e-03 0.000000000000000000e+00 1.407782452532175821e-01
2.051870999999999867e+01 2.656357455275853496e+01 1.098607087704721314e-04 3.067349584600493478e-03 0.000000000000000000e+00 1.409472708668376428e-01
2.099664999999999893e+01 2.761103780078302350e+01 1.024545550598375212e-04 3.148008649273818620e-03 0.000000000000000000e+00 1.461469835459335564e-01
2.148573000000000022e+01 2.954455282773369973e+01 9.556128948853839463e-05 3.244802270093444761e-03 0.000000000000000000e+00 1.560127900097706966e-01
2.198619000000000057e+01 3.233359576670896018e+01 8.914353478772127869e-05 3.359155901860759637e-03 0.000000000000000000e+00 1.703529750972814505e-01
2.249831999999999965e+01 3.585450537193846543e+01 8.316590732427127852e-05 3.506293025822248156e-03 0.000000000000000000e+00 1.884899987646162511e-01
2.302236999999999867e+01 3.984729781671897086e+01 7.759643955554617028e-05 3.661867444750784885e-03 0.000000000000000000e+00 2.090388099724881377e-01
2.355863000000000085e+01 4.401229952329324391e+01 7.240518646554581236e-05 3.816839029222654934e-03 0.000000000000000000e+00 2.304193441882231852e-01
2.410737999999999914e+01 4.812613104185495416e+01 6.756502463166288747e-05 3.965756376483777282e-03 0.000000000000000000e+00 2.514634064980262318e-01
2.466891000000000034e+01 5.204476856263892870e+01 6.305102145909799742e-05 4.107188376938663774e-03 0.000000000000000000e+00 2.714256379455155521e-01
2.524352999999999980e+01 5.564621764035543805e+01 5.884018202361507218e-05 4.239784093091236890e-03 0.000000000000000000e+00 2.896804726006941277e-01
2.583152000000000115e+01 5.888078245117432630e+01 5.491152472737540478e-05 4.372896306708709026e-03 0.000000000000000000e+00 3.059818639175563848e-01
2.643321999999999861e+01 6.172448928481121300e+01 5.124573787327732548e-05 4.540881771779331499e-03 0.000000000000000000e+00 3.202180975534996699e-01
2.704892999999999859e+01 6.416589789185034931e+01 4.782499647777899604e-05 4.706235608490820684e-03 0.000000000000000000e+00 3.323422848341032187e-01
2.767897999999999925e+01 6.620057633861286206e+01 4.463276256440626237e-05 4.863954368138511189e-03 0.000000000000000000e+00 3.423432622285188520e-01
2.832369999999999877e+01 6.781037670340455747e+01 4.165364622611701358e-05 5.015091201710688250e-03 0.000000000000000000e+00 3.501383293468355307e-01
2.898345000000000127e+01 6.898065440514528746e+01 3.887344418555350388e-05 5.160917731775605498e-03 0.000000000000000000e+00 3.556625882805551919e-01
2.965856000000000137e+01 6.965968621155808194e+01 3.619821031053275709e-05 5.296713993843110875e-03 0.000000000000000000e+00 3.586598708059043350e-01
