3.034939000000000039e-02 0.000000000000000000e+00 4.758832033846025079e-11 0.000000000000000000e+00 3.270569304451445368e-10 6.056548791441557406e-11
3.105631999999999837e-02 0.000000000000000000e+00 4.932284612196542147e-11 0.000000000000000000e+00 3.540073303788884744e-10 1.137843046338023258e-10
3.177971999999999742e-02 0.000000000000000000e+00 5.089171751414473449e-11 0.000000000000000000e+00 3.598214946127680575e-10 2.042588034385814631e-10
3.251996000000000053e-02 0.000000000000000000e+00 5.261953155592796173e-11 0.000000000000000000e+00 3.822186518876607270e-10 3.508148521678776859e-10
3.327745000000000009e-02 0.000000000000000000e+00 5.411219686269054780e-11 0.000000000000000000e+00 3.918377375311945999e-10 5.796828416720887847e-10
3.405257999999999896e-02 0.000000000000000000e+00 5.542773305624053275e-11 0.000000000000000000e+00 3.905407239357298830e-10 9.241665396058938480e-10
3.484576999999999813e-02 0.000000000000000000e+00 5.691140686079966678e-11 0.000000000000000000e+00 4.123439390098364961e-10 1.425067069473854089e-09
3.565742999999999691e-02 0.000000000000000000e+00 5.943139117839630135e-11 0.000000000000000000e+00 5.714628460161098707e-10 2.128325300525529745e-09
3.648799999999999960e-02 0.000000000000000000e+00 6.285170838188272718e-11 0.000000000000000000e+00 8.540747178875947111e-10 3.080256073004183023e-09
3.733791000000000193e-02 0.000000000000000000e+00 6.444283018578094428e-11 0.000000000000000000e+00 9.136357536543942493e-10 4.339082068171031898e-09
3.820761999999999770e-02 0.000000000000000000e+00 6.442810298138104430e-11 0.000000000000000000e+00 8.060248519506060036e-10 5.961357484226091104e-09
3.909759000000000151e-02 0.000000000000000000e+00 6.673329550662040893e-11 0.000000000000000000e+00 1.001493544970842912e-09 8.001632314054365758e-09
4.000829000000000191e-02 0.000000000000000000e+00 7.009053972575022150e-11 0.000000000000000000e+00 1.337402422914928623e-09 1.050108600165104603e-08
4.094020999999999771e-02 0.000000000000000000e+00 7.199357430134367758e-11 0.000000000000000000e+00 1.501499134636561870e-09 1.347531158861386710e-08
4.189382999999999996e-02 0.000000000000000000e+00 7.192119899790839260e-11 0.000000000000000000e+00 1.428547001415309615e-09 1.696740428610298239e-08
4.286965999999999694e-02 0.000000000000000000e+00 7.181495268080063534e-11 0.000000000000000000e+00 1.358232046619315323e-09 2.099333725816481255e-08
4.386821999999999944e-02 0.000000000000000000e+00 7.348067309464282164e-11 0.000000000000000000e+00 1.525293569458412173e-09 2.555390016621012826e-08
4.489003999999999911e-02 0.000000000000000000e+00 7.424978601168371424e-11 0.000000000000000000e+00 1.612426362900674980e-09 3.061357731598470745e-08
4.593566999999999789e-02 0.000000000000000000e+00 7.324288072974088736e-11 0.000000000000000000e+00 1.481166473162495277e-09 3.608804363582036089e-08
4.700564000000000131e-02 0.000000000000000000e+00 7.334540895206851859e-11 0.000000000000000000e+00 1.509448895903728871e-09 4.197726104559311648e-08
4.810054999999999886e-02 3.931132766326153400e-300 7.399995873118750902e-11 0.000000000000000000e+00 1.623621224588163731e-09 4.822877717657803327e-08
4.922094999999999942e-02 6.824668790353868452e-280 7.333544655018760089e-11 0.000000000000000000e+00 1.545108697524259647e-09 5.477568021712040288e-08
5.036746000000000278e-02 4.299122228563298168e-261 7.404456264630417561e-11 0.000000000000000000e+00 1.738887621445586552e-09 6.150469387694410782e-08
5.154066000000000203e-02 1.239637274615364600e-243 7.718963522926620897e-11 0.000000000000000000e+00 2.570339670425655166e-09 6.824542585419309523e-08
5.274120000000000197e-02 2.036020472149474533e-227 7.528721260849677920e-11 0.000000000000000000e+00 2.391359276524566741e-09 7.498547495669167722e-08
5.396970000000000239e-02 2.331416151023949948e-212 7.153933938805002466e-11 0.000000000000000000e+00 2.006041288031219142e-09 8.163323081798718265e-08
5.522682000000000285e-02 2.246030989187215120e-198 7.071551375669561266e-11 0.000000000000000000e+00 2.105858010440876959e-09 8.808592233938196852e-08
5.651322000000000290e-02 2.167132389374699826e-185 7.328264745372200852e-11 0.000000000000000000e+00 2.698284829250867313e-09 9.419625494884802817e-08
5.782957999999999849e-02 2.462054956404453377e-173 7.297392615193327703e-11 0.000000000000000000e+00 2.796347427248052503e-09 9.977403638308085664e-08
5.917660000000000281e-02 3.836548187151563804e-162 7.096445942919940007e-11 0.000000000000000000e+00 2.678375012441424726e-09 1.048483593603429355e-07
6.055499999999999772e-02 9.440186661800129117e-152 6.708911485136855321e-11 0.000000000000000000e+00 2.337437660125164901e-09 1.093514944535806934e-07
6.196551000000000142e-02 4.180972502818272341e-142 6.776686577391068067e-11 0.000000000000000000e+00 2.778758288512909233e-09 1.132194224340042487e-07
6.340887000000000606e-02 3.763102459089638832e-133 6.663075957933049414e-11 0.000000000000000000e+00 2.861515959978140981e-09 1.163558410539328960e-07
6.488584999999999492e-02 7.702563433531713735e-125 6.512385938406882654e-11 0.000000000000000000e+00 2.850155942695398753e-09 1.186294512513199077e-07
6.639723999999999626e-02 3.987658117043092513e-117 6.332744872568653648e-11 0.000000000000000000e+00 2.843864075894780497e-09 1.201335366944140941e-07
6.794382999999999673e-02 5.758863816755480925e-110 6.142929264024825647e-11 0.000000000000000000e+00 2.833166788064195554e-09 1.208665581699076932e-07
6.952643999999999491e-02 2.541035127159402743e-103 5.914428885180374604e-11 0.000000000000000000e+00 2.774460597584333314e-09 1.208308811852391674e-07
7.114592000000000138e-02 3.726412840381039938e-97 5.690236135771100338e-11 0.000000000000000000e+00 2.749952896359492195e-09 1.199905766088742579e-07
7.280311999999999895e-02 1.963483193944381606e-91 5.628847023910784171e-11 0.000000000000000000e+00 3.027445013361081562e-09 1.182938690810745278e-07
7.449893000000000487e-02 4.002197223422004614e-86 5.342254488943552738e-11 0.000000000000000000e+00 2.895877023765410204e-09 1.158791885780752723e-07
7.623423000000000005e-02 3.377415337683917245e-81 4.975035148899292288e-11 0.000000000000000000e+00 2.651793732954129427e-09 1.127968131242556015e-07
7.800994999999999457e-02 1.256685248199699086e-76 4.737858360231804312e-11 0.000000000000000000e+00 2.628677542387733628e-09 1.090938759986918213e-07
7.982704000000000188e-02 2.185288707132378998e-72 4.540444373454474508e-11 0.000000000000000000e+00 2.638249201363127700e-09 1.047997970825705090e-07
8.168644999999999379e-02 1.874251775493753512e-68 4.327775236024189305e-11 0.000000000000000000e+00 2.614002802963700798e-09 9.993937876482305331e-08
8.358917000000000430e-02 8.344233513464451983e-65 3.933858870293759579e-11 0.000000000000000000e+00 2.244236691009332852e-09 9.466122339007335436e-08
8.553621000000000141e-02 2.020876082046952420e-61 3.776367245071658335e-11 0.000000000000000000e+00 2.388236934230267609e-09 8.904782970223555621e-08
8.752861000000000669e-02 2.780797062591833652e-58 3.538439449732933614e-11 0.000000000000000000e+00 2.346392399865174669e-09 8.318117825815693416e-08
8.956741000000000008e-02 2.263067799618461673e-55 3.263276986051235004e-11 0.000000000000000000e+00 2.233060252235267233e-09 7.712643847452339404e-08
9.165370000000000461e-02 2.751060535552736639e-46 8.317720299497416252e-05 0.000000000000000000e+00 8.237384255161933622e-03 1.726607575391739258e-01
9.378859000000000501e-02 8.732660418420109962e-44 1.248731777088428485e-04 0.000000000000000000e+00 2.450535250917327060e-02 1.575412358059912754e-01
9.597321000000000324e-02 1.826380376197172889e-41 1.412262239061883961e-04 0.000000000000000000e+00 3.422453438705464618e-02 1.431116056125463221e-01
9.820871000000000461e-02 2.590858637684312198e-39 1.032248130468904873e-04 0.000000000000000000e+00 2.217668794085785391e-02 1.292918574213158533e-01
1.004962999999999967e-01 2.560149898629406417e-37 1.160599709862260965e-04 0.000000000000000000e+00 3.173264965198346194e-02 1.160140702832982429e-01
1.028371000000000007e-01 2.978662778343076499e-35 1.640071100124013733e-04 0.000000000000000000e+00 4.060390045590004521e-02 1.702937031524561218e-01
1.052325000000000066e-01 1.617424306020109902e-33 1.867168556898948014e-04 0.000000000000000000e+00 5.699091543688466349e-02 1.582342099856577922e-01
1.076836999999999933e-01 6.587608127670263873e-32 1.602376683382427986e-04 0.000000000000000000e+00 4.818508520842999104e-02 1.462781224666593050e-01
1.101919999999999983e-01 2.052398444555671797e-30 1.545094924778517059e-04 0.000000000000000000e+00 4.859441658535802039e-02 1.343928705238266741e-01
1.127587000000000034e-01 4.928540162707320442e-29 1.356167027153603179e-04 0.000000000000000000e+00 4.313203143852267774e-02 1.212966479077218912e-01
1.153851999999999933e-01 9.740370633878499953e-28 1.268241729292037977e-04 0.000000000000000000e+00 4.201319986163579157e-02 1.128101184180850813e-01
1.180728000000000055e-01 1.626946243487947961e-26 1.002536203615473330e-04 0.000000000000000000e+00 3.302640183235239224e-02 1.092074931094254436e-01
1.208231000000000027e-01 2.104131221049583242e-25 7.814592098888814488e-05 0.000000000000000000e+00 2.270641276314175686e-02 9.928592758770385385e-02
1.236373999999999945e-01 6.704048417935334477e-24 2.878137942456443954e-04 0.000000000000000000e+00 1.025834897523961869e-01 2.659318996225515375e-01
1.265172999999999992e-01 6.227624338578024377e-23 2.974456587801680265e-04 0.000000000000000000e+00 1.114092905286222651e-01 2.451129587812312938e-01
1.294643000000000044e-01 5.205397549117197978e-22 2.886179182151330696e-04 0.000000000000000000e+00 1.109532665703318044e-01 2.370468679415033975e-01
1.324799000000000115e-01 3.811716616173072043e-21 2.932493861226705503e-04 0.000000000000000000e+00 1.163295326431207782e-01 2.315754552273266709e-01
1.355657999999999863e-01 2.446539716860290279e-20 2.889206946074122429e-04 0.000000000000000000e+00 1.156202599266643871e-01 2.262920392861001162e-01
1.387234999999999996e-01 1.389385865859942335e-19 2.521206710385654718e-04 0.000000000000000000e+00 1.009167141705803600e-01 2.211472757559619640e-01
1.419547999999999921e-01 7.049641872190763087e-19 2.513367664480657747e-04 0.000000000000000000e+00 1.001366197555077081e-01 2.163365810613581408e-01
1.452613000000000099e-01 3.264664664901991461e-18 2.604468304292437684e-04 0.000000000000000000e+00 1.038448675544207528e-01 2.146528536003816101e-01
1.486448999999999965e-01 1.450822282006091447e-17 2.526912502930257092e-04 0.000000000000000000e+00 9.879018531334406161e-02 2.254403149090812575e-01
1.521073000000000008e-01 5.970202577515889080e-17 2.559434951206404629e-04 0.000000000000000000e+00 9.912587161884039988e-02 2.401769295146701511e-01
1.556502999999999914e-01 2.016623398350870302e-16 2.613122401402515234e-04 0.000000000000000000e+00 9.944976211497755236e-02 2.286508056937919531e-01
1.592758999999999980e-01 5.869936011028957244e-16 2.668989181573888279e-04 0.000000000000000000e+00 9.975786555501922614e-02 2.030409513706941393e-01
1.629858999999999891e-01 1.677173894056137279e-15 2.727623450708482672e-04 0.000000000000000000e+00 1.000831661498875202e-01 1.905771470415672242e-01
1.667822999999999944e-01 4.637741383430468979e-15 2.789337525130192717e-04 0.000000000000000000e+00 1.005428313327014211e-01 1.855408431250481771e-01
1.706671999999999911e-01 1.207268486712050967e-14 2.863136411884256586e-04 0.000000000000000000e+00 1.011846209105814604e-01 1.812004618439201353e-01
1.746425000000000061e-01 3.029419229618906552e-14 2.968572430787827228e-04 0.000000000000000000e+00 1.019620314703421071e-01 1.769023475045606586e-01
1.787104999999999944e-01 7.386389567022686480e-14 3.082419778365341886e-04 0.000000000000000000e+00 1.029831912279982609e-01 1.725340958676330749e-01
1.828732000000000135e-01 1.749747904614361404e-13 3.265203761383621674e-04 0.000000000000000000e+00 1.037933885769745240e-01 1.680815851648905790e-01
1.871327999999999880e-01 4.029971356626862677e-13 3.487055653471576411e-04 0.000000000000000000e+00 1.046038103269256031e-01 1.636158659581558594e-01
1.914916999999999869e-01 9.037896656047076580e-13 3.782002718656435813e-04 0.000000000000000000e+00 1.053668187116671012e-01 1.592264296630636899e-01
1.959520999999999902e-01 1.977001415917725877e-12 4.204248505100021869e-04 0.000000000000000000e+00 1.058447011167520102e-01 1.548585010408553564e-01
2.005164999999999864e-01 4.233377379085105753e-12 4.643794314550857500e-04 0.000000000000000000e+00 1.063471570212400907e-01 1.505234790742584206e-01
2.051871000000000111e-01 8.930156329253038670e-12 5.102610301189565087e-04 0.000000000000000000e+00 1.065737933421002231e-01 1.463692751588393237e-01
2.099665000000000004e-01 1.869527065285164956e-11 5.569672184569316982e-04 0.000000000000000000e+00 1.068188273626590606e-01 1.424620559508166517e-01
2.148573000000000011e-01 3.914206519958808657e-11 5.996815238799955029e-04 0.000000000000000000e+00 1.070212002269299578e-01 1.388550525182284945e-01
2.198618999999999990e-01 8.253363275633296904e-11 6.374469662554849755e-04 0.000000000000000000e+00 1.072253612390326460e-01 1.357215807695196785e-01
2.249831999999999943e-01 1.757636723824623067e-10 6.379506067336929934e-04 0.000000000000000000e+00 1.074136448201453570e-01 1.331384456189909360e-01
2.302237000000000033e-01 3.771440832905253869e-10 6.292795122146628865e-04 0.000000000000000000e+00 1.075356150516341841e-01 1.310462905815927004e-01
2.355862999999999985e-01 8.105601217622076457e-10 6.091272611829927656e-04 0.000000000000000000e+00 1.074691024104334203e-01 1.293419221901729588e-01
2.410738000000000048e-01 1.732263157890122806e-09 6.049391429010981570e-04 0.000000000000000000e+00 1.072388511720210325e-01 1.279097657759636908e-01
2.466890999999999945e-01 3.657358291294708374e-09 6.549122024020469527e-04 0.000000000000000000e+00 1.068041064706037602e-01 1.266484230246581189e-01
2.524352999999999736e-01 7.597280764449989461e-09 7.531423311076296430e-04 0.000000000000000000e+00 1.062369862019012928e-01 1.255545903745494130e-01
2.583152000000000226e-01 1.553634635402595224e-08 9.199390254018532985e-04 0.000000000000000000e+00 1.055685665942349555e-01 1.249948384039248350e-01
2.643322000000000171e-01 3.240910367768458368e-08 1.289974543938506154e-03 0.000000000000000000e+00 1.048799733470356238e-01 1.296032801048802308e-01
2.704892999999999881e-01 7.302706025405527899e-08 1.775573861412407025e-03 0.000000000000000000e+00 1.042028517672776156e-01 1.482076588542406148e-01
2.767897999999999747e-01 1.531860863437082885e-07 2.327671529274748935e-03 0.000000000000000000e+00 1.036893103866204091e-01 1.610012839291290743e-01
2.832370000000000165e-01 2.590547240176432370e-07 3.053037518489287293e-03 0.000000000000000000e+00 1.032840923920424481e-01 1.437620936777771474e-01
2.898344999999999949e-01 4.078044655312240543e-07 3.956203452001291580e-03 0.000000000000000000e+00 1.030309920202752555e-01 1.217192834377404109e-01
2.965856000000000048e-01 6.976750156311962537e-07 4.957313261659604224e-03 0.000000000000000000e+00 1.031043236807264868e-01 1.139776196960175930e-01
3.034938999999999831e-01 1.216745134089138111e-06 5.640450422219862349e-03 0.000000000000000000e+00 1.035086380241646842e-01 1.106227850930054379e-01
3.105631999999999837e-01 2.088024946794302420e-06 6.621549143539954239e-03 0.000000000000000000e+00 1.043758414181376465e-01 1.073309634877161051e-01
3.177972000000000019e-01 3.519921611530365554e-06 9.227166968077977344e-03 0.000000000000000000e+00 1.057365733315971390e-01 1.038512875366059407e-01
3.251995999999999776e-01 5.837478674221514308e-06 1.037383882289778445e-02 0.000000000000000000e+00 1.076384172509268489e-01 1.002881984865506976e-01
3.327744999999999731e-01 8.635665600318030282e-06 1.101550556939335027e-02 0.000000000000000000e+00 1.102459502030965766e-01 9.666472647474157187e-02
3.405257999999999896e-01 1.058066276107553511e-05 1.172865041940000450e-02 0.000000000000000000e+00 1.132384315721341461e-01 9.296989981842929129e-02
3.484576999999999813e-01 1.242041037422597427e-05 1.293663102812655369e-02 0.000000000000000000e+00 1.171054983687868228e-01 8.931199937569590797e-02
3.565743000000000107e-01 1.420963637247185631e-05 1.328592570846378294e-02 0.000000000000000000e+00 1.151738613752169987e-01 8.567155217481875473e-02
3.648799999999999821e-01 1.612242479296244557e-05 1.643274024667435579e-02 0.000000000000000000e+00 1.255325585640211516e-01 8.208072957258580327e-02
3.733791000000000193e-01 1.840865296141615869e-05 1.737268040610711467e-02 0.000000000000000000e+00 1.954036007908373784e-01 7.855812723462389513e-02
3.820761999999999770e-01 2.137433545996106438e-05 1.494245888940429895e-02 0.000000000000000000e+00 1.543940302662628605e-01 7.509642860771179040e-02
3.909758999999999873e-01 2.541195635473802810e-05 1.764742324022746181e-02 0.000000000000000000e+00 1.650873259263802850e-01 7.172969162793539633e-02
4.000829000000000191e-01 3.102891063361022737e-05 2.962918104412190501e-02 0.000000000000000000e+00 1.751713848719079758e-01 6.847966257014652391e-02
4.094020999999999910e-01 3.891228425599678865e-05 3.569580094038506818e-02 0.000000000000000000e+00 1.806343768525267846e-01 6.537641639881452971e-02
4.189382999999999857e-01 4.999910357530505081e-05 3.616949828923120280e-02 0.000000000000000000e+00 1.834289134044323477e-01 6.244619525212896649e-02
4.286965999999999832e-01 6.554535525170597878e-05 3.975925777998794153e-02 0.000000000000000000e+00 1.783241807009326996e-01 5.969803053731335962e-02
4.386822000000000221e-01 8.722196332167414978e-05 4.703887478524139409e-02 0.000000000000000000e+00 1.842060234177817502e-01 5.714793898510416026e-02
4.489003999999999772e-01 1.180306251860260564e-04 5.453940044842795626e-02 0.000000000000000000e+00 1.867989776221144760e-01 5.520539632398521052e-02
4.593567000000000067e-01 1.728498832174399781e-04 5.968083231295941843e-02 0.000000000000000000e+00 1.870590101330753263e-01 5.760165558516958106e-02
4.700563999999999854e-01 2.945726689878197828e-04 6.205280532861223719e-02 0.000000000000000000e+00 1.858637594546495853e-01 7.017590983488250500e-02
4.810054999999999747e-01 4.505940287967463622e-04 6.585161926449281666e-02 0.000000000000000000e+00 1.955934377036664396e-01 7.733941604384911295e-02
4.922095000000000220e-01 5.114096734906921392e-04 6.552889266088833542e-02 0.000000000000000000e+00 2.186182482408617345e-01 6.396138474804421992e-02
5.036745999999999723e-01 5.328743172058011436e-04 6.383279786411956425e-02 0.000000000000000000e+00 2.495720094078865414e-01 4.923743568416671240e-02
5.154066000000000480e-01 6.469577345965496929e-04 6.203519135818050256e-02 0.000000000000000000e+00 1.753665528919137462e-01 4.484165594251468545e-02
5.274119999999999919e-01 8.235666400579147320e-04 7.003301559591969261e-02 0.000000000000000000e+00 1.775352043872682750e-01 4.349640206099892464e-02
5.396969999999999823e-01 1.038132624935472498e-03 7.392535971040389842e-02 0.000000000000000000e+00 1.720218599576750218e-01 4.242185017834068650e-02
5.522681999999999869e-01 1.292717002821148781e-03 7.630429773084175527e-02 0.000000000000000000e+00 1.723928477214962673e-01 4.145259759138835570e-02
5.651321999999999734e-01 1.592985773345224117e-03 7.915717873232122614e-02 0.000000000000000000e+00 1.713277232721080734e-01 4.058252884023529766e-02
5.782958000000000265e-01 1.946670057454131467e-03 7.977472687966233322e-02 0.000000000000000000e+00 1.718167781378775738e-01 3.980297261235914152e-02
5.917660000000000142e-01 2.364591901465482211e-03 8.134268261481195084e-02 0.000000000000000000e+00 1.730200758612237266e-01 3.910421241832657407e-02
6.055500000000000327e-01 2.887000359516524433e-03 8.855831254166977862e-02 0.000000000000000000e+00 1.729098048638664509e-01 3.881387250620643714e-02
6.196551000000000142e-01 3.867476756468396070e-03 8.803010974689294554e-02 0.000000000000000000e+00 1.718205485824316481e-01 4.238008355749729034e-02
6.340886999999999496e-01 6.265924201970584327e-03 8.605691821794243801e-02 0.000000000000000000e+00 1.702415039514985906e-01 5.597524705231919639e-02
6.488585000000000047e-01 8.939347318323425176e-03 9.088086129548152148e-02 0.000000000000000000e+00 1.685414987366908868e-01 6.497656890897819670e-02
6.639724000000000181e-01 8.969336949038357945e-03 9.426863599184767684e-02 0.000000000000000000e+00 1.665532190358630094e-01 5.285132454123084300e-02
6.794383000000000505e-01 8.037482690982915290e-03 9.521512980640307877e-02 0.000000000000000000e+00 1.644123772094369107e-01 3.820326144280193625e-02
6.952644000000000046e-01 8.888196343423530182e-03 9.793279127000732720e-02 0.000000000000000000e+00 1.622019454900266167e-01 3.388249703252763090e-02
7.114591999999999583e-01 1.076520181097937942e-02 9.601127541653182995e-02 0.000000000000000000e+00 1.596705852065165021e-01 3.271573591479070425e-02
7.280311999999999895e-01 1.318115599163295279e-02 9.887787217482994773e-02 0.000000000000000000e+00 1.571704280244638485e-01 3.175385460899531748e-02
7.449892999999999654e-01 1.622769261571745808e-02 1.078756579361720425e-01 0.000000000000000000e+00 1.547693209438665840e-01 3.084194962920720415e-02
7.623423000000000282e-01 2.007830745157216171e-02 1.069037499165160637e-01 0.000000000000000000e+00 1.522912631632515057e-01 3.000804717766220389e-02
7.800994999999999457e-01 2.493666892215424397e-02 1.028176583826601320e-01 0.000000000000000000e+00 1.500470313032921110e-01 2.927201948889597213e-02
7.982704000000000466e-01 3.101747008350715790e-02 1.020473268734725658e-01 0.000000000000000000e+00 1.478821023568951398e-01 2.863715452054621871e-02
8.168644999999999934e-01 3.852522075141365937e-02 1.093847451239224333e-01 0.000000000000000000e+00 1.458298111677249764e-01 2.810144697515979881e-02
8.358917000000000153e-01 4.761038647637069049e-02 1.111956227810001752e-01 0.000000000000000000e+00 1.440038406286643924e-01 2.765924389082591306e-02
8.553621000000000141e-01 5.830339424888659333e-02 1.088826906491901364e-01 0.000000000000000000e+00 1.423975241626807275e-01 2.730264253061905413e-02
8.752860999999999558e-01 7.044631457850196454e-02 1.180254547853460262e-01 0.000000000000000000e+00 1.409227655909928156e-01 2.702937712220705030e-02
8.956741000000000286e-01 8.359388098706151127e-02 1.195076488418325561e-01 0.000000000000000000e+00 1.395657942580625921e-01 2.683630005727423787e-02
9.165370000000000461e-01 9.762724171504660875e-02 1.231668062810223757e-01 0.000000000000000000e+00 1.381838725744890251e-01 2.671382654578673133e-02
9.378859000000000501e-01 1.134514446064135429e-01 1.180896060374770490e-01 0.000000000000000000e+00 1.368365449737882766e-01 2.665922756954768394e-02
9.597320999999999769e-01 1.314264194765657479e-01 1.201515198056510303e-01 0.000000000000000000e+00 1.357464243069980980e-01 2.666853931786329276e-02
9.820870999999999906e-01 1.517494881926020611e-01 1.232696173371601173e-01 0.000000000000000000e+00 1.349410030528498672e-01 2.673263687886333340e-02
1.004963000000000051e+00 1.746010013100627867e-01 1.290405153397404248e-01 0.000000000000000000e+00 1.320195714757891881e-01 2.684070388025156309e-02
1.028370999999999924e+00 2.001656017125891807e-01 1.293637902962246344e-01 0.000000000000000000e+00 1.282980819028298469e-01 2.698500454918999550e-02
1.052324999999999955e+00 2.286999059136255452e-01 1.274263171586810794e-01 0.000000000000000000e+00 1.237476931243044753e-01 2.716813469444106718e-02
1.076837000000000044e+00 2.604290984659073382e-01 1.248787069558692786e-01 0.000000000000000000e+00 1.177187494762787778e-01 2.738694099746691313e-02
1.101920000000000011e+00 2.955554118315057988e-01 1.222356888102727329e-01 0.000000000000000000e+00 1.137892515890905759e-01 2.763629054979244160e-02
1.127586999999999895e+00 3.343747068789931776e-01 1.206265106426387956e-01 0.000000000000000000e+00 1.100712763255398408e-01 2.792013954975587978e-02
1.153852000000000100e+00 3.773261274668501253e-01 1.206569144786042297e-01 0.000000000000000000e+00 1.064967617500892361e-01 2.825096774047070394e-02
1.180728000000000000e+00 4.249427007608200246e-01 1.184894646225450876e-01 0.000000000000000000e+00 1.027453678504556822e-01 2.864197471604287837e-02
1.208231000000000055e+00 4.776791239320787863e-01 1.175462647418327455e-01 0.000000000000000000e+00 9.931027564774830285e-02 2.909551771153338212e-02
1.236374000000000084e+00 5.360305102475106942e-01 1.173937500935211126e-01 0.000000000000000000e+00 9.666120971310479537e-02 2.961401151883790231e-02
1.265173000000000103e+00 6.004978188436717046e-01 1.158071538321255589e-01 0.000000000000000000e+00 9.334803943247821367e-02 3.019809001837718901e-02
1.294642999999999988e+00 6.716026849367180418e-01 1.147574179596561328e-01 0.000000000000000000e+00 8.967798173674700057e-02 3.084800260176378053e-02
1.324799000000000060e+00 7.499973611502797066e-01 1.129493151081672614e-01 0.000000000000000000e+00 8.754635189338200174e-02 3.156844055208789940e-02
1.355658000000000030e+00 8.365541733954385828e-01 1.109838149382656042e-01 0.000000000000000000e+00 8.550682704074516471e-02 3.237026797219387519e-02
1.387234999999999996e+00 9.321282691795123032e-01 1.088818369021171406e-01 0.000000000000000000e+00 8.394512470507982382e-02 3.325956564920086456e-02
1.419548000000000032e+00 1.037521580002679356e+00 1.054673978474023888e-01 0.000000000000000000e+00 8.187449744446981259e-02 3.423798078882685919e-02
1.452612999999999932e+00 1.153633438358701468e+00 1.069408641536962190e-01 0.000000000000000000e+00 8.038130083824786276e-02 3.530886510022658575e-02
1.486448999999999909e+00 1.281371599360390023e+00 1.075712910798670013e-01 0.000000000000000000e+00 7.915159050187763057e-02 3.647420232548169439e-02
1.521072999999999897e+00 1.421487338353081720e+00 1.123653502347150279e-01 0.000000000000000000e+00 7.882292560080095267e-02 3.773071680408322109e-02
1.556502999999999970e+00 1.574974593892941144e+00 1.128089744665825289e-01 0.000000000000000000e+00 7.713421119010474558e-02 3.908155208390316077e-02
1.592759000000000036e+00 1.742701381365692637e+00 1.099666004697372329e-01 0.000000000000000000e+00 7.308571452062888330e-02 4.052584195398337835e-02
1.629858999999999947e+00 1.925168890392032095e+00 1.118776379809127419e-01 0.000000000000000000e+00 7.245999976420156030e-02 4.205470704983058777e-02
1.667823000000000055e+00 2.122307981313142466e+00 1.122177217507129149e-01 0.000000000000000000e+00 7.003572198405022542e-02 4.364951683353027190e-02
1.706671999999999967e+00 2.334216543222258800e+00 1.103828888111522133e-01 0.000000000000000000e+00 6.778934340612018106e-02 4.529914520815234158e-02
1.746424999999999894e+00 2.561029871092964871e+00 1.042654392734877200e-01 0.000000000000000000e+00 6.432401041805911601e-02 4.699582159837140116e-02
1.787104999999999944e+00 2.802269517900730200e+00 9.689416277333183503e-02 0.000000000000000000e+00 6.177703252235624415e-02 4.872308128222848506e-02
1.828732000000000024e+00 3.056528309719385383e+00 9.044365463705504593e-02 0.000000000000000000e+00 5.855994817388687768e-02 5.045286329827488453e-02
1.871328000000000102e+00 3.322518349625184886e+00 8.506917179748979541e-02 0.000000000000000000e+00 5.538141045844151289e-02 5.216493026647993358e-02
1.914916999999999980e+00 3.599158242072660663e+00 8.126154569117702287e-02 0.000000000000000000e+00 5.295880878892473415e-02 5.384649470522211157e-02
1.959521000000000068e+00 3.884599139568742920e+00 7.656249567036985115e-02 0.000000000000000000e+00 5.014011775880195670e-02 5.547669255739959282e-02
2.005164999999999864e+00 4.178619655105308084e+00 7.295510968209695246e-02 0.000000000000000000e+00 4.816608038063158875e-02 5.706106860566731442e-02
2.051870999999999778e+00 4.481738802407283728e+00 7.063249681869607222e-02 0.000000000000000000e+00 4.599572548016860746e-02 5.861441208392178387e-02
2.099664999999999893e+00 4.795023606018451012e+00 6.863625293912689607e-02 0.000000000000000000e+00 4.380937058264372519e-02 6.015639065827955295e-02
2.148572999999999844e+00 5.118261814317178526e+00 6.658004177000145796e-02 0.000000000000000000e+00 4.187024650454686248e-02 6.168849485607208472e-02
2.198618999999999879e+00 5.450451874483471570e+00 6.384058607870378432e-02 0.000000000000000000e+00 3.977725067579206825e-02 6.320310534678923176e-02
2.249832000000000054e+00 5.789813905401990368e+00 6.100407740423444136e-02 0.000000000000000000e+00 3.792339290340741159e-02 6.468525019737456083e-02
2.302236999999999867e+00 6.133269072163909819e+00 5.321048867715567898e-02 0.000000000000000000e+00 3.400139816721554908e-02 6.610825978985705731e-02
2.355862999999999818e+00 6.482586411086074918e+00 4.608144337455088307e-02 0.000000000000000000e+00 3.002669242227319277e-02 6.749971846990050761e-02
2.410737999999999825e+00 6.836398695910885337e+00 4.177060955259501857e-02 0.000000000000000000e+00 2.778527950484463438e-02 6.885210601966683386e-02
2.466890999999999945e+00 7.190477039797242398e+00 3.660400049529167338e-02 0.000000000000000000e+00 2.640444659944270536e-02 7.013101566864345104e-02
2.524353000000000069e+00 7.542736424837894305e+00 3.207089228700679695e-02 0.000000000000000000e+00 2.574923628840606465e-02 7.132654014929748487e-02
2.583152000000000115e+00 7.891903591625514913e+00 3.208462562984705502e-02 0.000000000000000000e+00 2.480413847051754495e-02 7.243735143013974032e-02
2.643321999999999949e+00 8.237587724989031912e+00 3.150452173397731703e-02 0.000000000000000000e+00 2.400208102898307091e-02 7.347005841351957056e-02
2.704893000000000214e+00 8.579384627556592591e+00 3.077498598267745106e-02 0.000000000000000000e+00 2.335745056051320018e-02 7.443031347049869351e-02
2.767898000000000192e+00 8.919581205466265317e+00 2.972754098594556846e-02 0.000000000000000000e+00 2.254281637453979178e-02 7.534576905653025958e-02
2.832370000000000054e+00 9.259593347705772359e+00 2.861946821057724522e-02 0.000000000000000000e+00 2.171408610318054794e-02 7.623394973655127360e-02
2.898344999999999949e+00 9.601265765142041886e+00 2.735439487157933364e-02 0.000000000000000000e+00 2.080924120641650804e-02 7.711398868873804713e-02
2.965856000000000048e+00 9.949653494281944788e+00 2.606112584785329200e-02 0.000000000000000000e+00 1.987834287410574288e-02 7.802829038817005181e-02
3.034939000000000053e+00 1.030625891765668811e+01 2.494072261106219587e-02 0.000000000000000000e+00 1.887441034770061948e-02 7.898810467488918963e-02
3.105631999999999948e+00 1.066805563463027084e+01 2.405550963578252655e-02 0.000000000000000000e+00 1.790656199268441523e-02 7.996975272915760047e-02
3.177972000000000019e+00 1.103224549834143353e+01 2.311270404757548996e-02 0.000000000000000000e+00 1.702620637665912609e-02 8.095325975872884328e-02
3.251996000000000109e+00 1.139852207550933727e+01 2.216443177386786395e-02 0.000000000000000000e+00 1.917011754337089383e-02 8.193817277231851826e-02
3.327745000000000175e+00 1.175963072412672972e+01 2.111717411742502007e-02 0.000000000000000000e+00 2.303763293426644779e-02 8.287505077676395049e-02
3.405257999999999896e+00 1.210938443537178877e+01 2.000348178431352042e-02 0.000000000000000000e+00 1.793483747473627321e-02 8.372551716022953727e-02
3.484576999999999813e+00 1.244100891645020290e+01 1.888131600777625402e-02 0.000000000000000000e+00 1.601061347877655305e-02 8.444984896304691402e-02
3.565742999999999885e+00 1.275206191958004176e+01 1.774130502613077351e-02 0.000000000000000000e+00 1.330783691197079573e-02 8.503976719586517352e-02
3.648800000000000043e+00 1.304210128425872206e+01 1.661872528427677659e-02 0.000000000000000000e+00 1.229152286577942475e-02 8.550034686750261625e-02
3.733791000000000082e+00 1.331099353753072911e+01 1.546669138575256994e-02 0.000000000000000000e+00 1.158115305787509042e-02 8.583798671075357212e-02
3.820762000000000214e+00 1.356142890267012291e+01 1.444999709611942580e-02 0.000000000000000000e+00 1.105677736354720823e-02 8.607628184874104027e-02
3.909759000000000206e+00 1.379851218231066134e+01 1.341067664102077277e-02 0.000000000000000000e+00 1.052202535818771989e-02 8.625218175963636491e-02
4.000829000000000413e+00 1.402848042165552833e+01 1.238824796466598925e-02 0.000000000000000000e+00 9.979569846461909879e-03 8.640719275790090248e-02
4.094020999999999688e+00 1.426168031935349667e+01 1.149662607493045358e-02 0.000000000000000000e+00 9.534506415645304517e-03 8.660525847513519948e-02
4.189383000000000301e+00 1.450845915770937111e+01 1.067833078319200234e-02 0.000000000000000000e+00 9.134983436446319355e-03 8.690675684690532532e-02
4.286965999999999610e+00 1.477573278982062632e+01 9.650341579653035420e-03 0.000000000000000000e+00 8.519542349330524317e-03 8.734864834545695567e-02
4.386822000000000443e+00 1.506795372644484665e+01 8.358232138944555675e-03 0.000000000000000000e+00 7.541465062401692988e-03 8.795179338374106703e-02
4.489004000000000438e+00 1.538730885227888301e+01 7.545001187360338146e-03 0.000000000000000000e+00 7.024475054416124027e-03 8.872318497635733880e-02
4.593567000000000178e+00 1.573552351492546819e+01 7.027582629309172581e-03 0.000000000000000000e+00 6.833726319452695236e-03 8.966710401959351873e-02
4.700563999999999965e+00 1.611257427558484778e+01 6.647766770245542092e-03 0.000000000000000000e+00 6.813724920117511866e-03 9.077803902356992860e-02
4.810055000000000192e+00 1.651435241070424453e+01 6.263107515530773849e-03 0.000000000000000000e+00 6.843630495832957010e-03 9.202820858861467113e-02
4.922094999999999665e+00 1.693105865898987616e+01 5.863390091903196433e-03 0.000000000000000000e+00 6.859923766714539489e-03 9.335985978164824950e-02
5.036745999999999945e+00 1.735418988914125649e+01 5.504474338226070934e-03 0.000000000000000000e+00 6.910337908550103977e-03 9.472483968755061878e-02
5.154066000000000258e+00 1.777802578966313618e+01 5.159512951492111442e-03 0.000000000000000000e+00 7.025097259083698184e-03 9.609200466737621849e-02
5.274119999999999919e+00 1.819194070211147718e+01 4.845144578653814982e-03 0.000000000000000000e+00 7.215952431833269100e-03 9.740512833894302003e-02
5.396969999999999601e+00 1.859021867851669185e+01 4.547267314911748390e-03 0.000000000000000000e+00 7.440230879929905783e-03 9.863603445209276344e-02
5.522681999999999647e+00 1.896978303372487318e+01 4.264853503356047688e-03 0.000000000000000000e+00 7.701602909280393268e-03 9.977129198094464302e-02
5.651322000000000401e+00 1.932688288286416167e+01 3.992652497934299008e-03 0.000000000000000000e+00 7.977643842153712625e-03 1.007942491649775479e-01
5.782957999999999821e+00 1.965848903878269027e+01 3.739914067619041875e-03 0.000000000000000000e+00 8.269543991897844101e-03 1.016923577666303119e-01
5.917659999999999698e+00 1.996517673384089520e+01 3.488674113282299542e-03 0.000000000000000000e+00 8.579744092202174974e-03 1.024717752764516127e-01
6.055500000000000327e+00 2.024867564791869157e+01 3.258187006738215950e-03 0.000000000000000000e+00 1.603663804422767250e-02 1.031441586617495854e-01
6.196551000000000364e+00 2.050902119091773557e+01 3.048647199230242796e-03 0.000000000000000000e+00 4.884574547223086843e-02 1.037120793313419109e-01
6.340887000000000384e+00 2.074589916254323896e+01 2.850557144214561824e-03 0.000000000000000000e+00 2.462684301184920113e-02 1.041761244590431873e-01
6.488584999999999603e+00 2.095949231831367143e+01 2.667471645820651115e-03 0.000000000000000000e+00 1.006419493924296145e-02 1.045391976173680321e-01
6.639724000000000181e+00 2.114751758530988468e+01 2.496773220969587988e-03 0.000000000000000000e+00 1.042168624252711416e-02 1.047917692059025241e-01
6.794382999999999839e+00 2.130574072974736666e+01 2.335328311411199575e-03 0.000000000000000000e+00 1.080822672806531701e-02 1.049148115042378149e-01
6.952644000000000268e+00 2.143162978880650726e+01 2.184596047045717169e-03 0.000000000000000000e+00 1.123169260634268932e-02 1.048979546561696480e-01
7.114592000000000027e+00 2.152940103276073103e+01 2.042116229878489578e-03 0.000000000000000000e+00 1.218332532905017085e-02 1.047637599665342811e-01
7.280312000000000339e+00 2.160583174653131167e+01 1.907541198760098018e-03 0.000000000000000000e+00 2.428199670214960942e-02 1.045465242240190551e-01
7.449893000000000320e+00 2.166650378570603763e+01 1.780177979327478462e-03 0.000000000000000000e+00 3.543572004458717117e-02 1.042739303069047524e-01
7.623422999999999838e+00 2.172337140762681429e+01 1.662787705546252704e-03 0.000000000000000000e+00 4.502249686932929817e-02 1.040035147264702642e-01
7.800995000000000346e+00 2.179449695567159395e+01 1.552395699902250339e-03 0.000000000000000000e+00 4.155828353766272826e-02 1.038207091992818382e-01
7.982704000000000022e+00 2.188895428479675331e+01 1.449033951990345457e-03 0.000000000000000000e+00 3.648438553847280219e-02 1.037666935050139544e-01
8.168644999999999712e+00 2.201026518866027715e+01 1.353201015300505060e-03 0.000000000000000000e+00 2.659783457472944881e-02 1.038557720426839664e-01
8.358916999999999931e+00 2.216339168081518096e+01 1.263880510718584605e-03 0.000000000000000000e+00 1.587024542477732947e-02 1.041088800348882043e-01
8.553620999999999697e+00 2.235491007948320785e+01 1.181267793672894501e-03 0.000000000000000000e+00 1.611937926101142046e-02 1.045542701206880615e-01
8.752860999999999336e+00 2.258404080479949272e+01 1.104260951760506915e-03 0.000000000000000000e+00 1.658384370313284797e-02 1.051856048407082689e-01
8.956740999999999175e+00 2.284321327102867372e+01 1.032327950960584785e-03 0.000000000000000000e+00 1.578776864387684484e-02 1.059653039594459223e-01
9.165369999999999351e+00 2.311947347515773288e+01 9.653687559634798344e-04 0.000000000000000000e+00 1.521490048125888513e-02 1.068316383489556071e-01
9.378859000000000279e+00 2.339592003614218996e+01 9.029077067372628896e-04 0.000000000000000000e+00 1.505733424582395182e-02 1.077057375398707967e-01
9.597321000000000879e+00 2.365293011945528789e+01 8.442379546089392745e-04 0.000000000000000000e+00 1.516125167483556128e-02 1.084974409396103484e-01
9.820871000000000350e+00 2.387792560627450555e+01 7.835929708832954730e-04 0.000000000000000000e+00 1.522829013092184824e-02 1.091500404300419641e-01
1.004963000000000051e+01 2.406703246687935760e+01 7.216244206572233841e-04 0.000000000000000000e+00 1.489302681600651948e-02 1.096471790237958099e-01
1.028370999999999924e+01 2.421256621756732130e+01 6.733018556504152775e-04 0.000000000000000000e+00 1.485762164738182317e-02 1.099553105996003283e-01
1.052325000000000088e+01 2.431199814762317502e+01 6.272733122560569721e-04 0.000000000000000000e+00 1.490007367917489493e-02 1.100645454793096195e-01
1.076837000000000089e+01 2.436340019766388565e+01 5.843896961270603381e-04 0.000000000000000000e+00 1.494498378321659771e-02 1.099677074470564453e-01
1.101919999999999966e+01 2.436731166843767937e+01 5.444372015533784168e-04 0.000000000000000000e+00 2.020477209204964500e-02 1.096686923468381258e-01
1.127586999999999939e+01 2.431964737769681406e+01 5.072159140566507782e-04 0.000000000000000000e+00 4.950368606486916373e-02 1.091504844227070281e-01
1.153852000000000011e+01 2.422928106091544009e+01 4.725391309783974090e-04 0.000000000000000000e+00 2.940979035820992168e-02 1.084541518122306980e-01
1.180728000000000044e+01 2.415353793256065629e+01 4.402300351889310926e-04 0.000000000000000000e+00 1.506418444517654623e-02 1.078365497706726267e-01
1.208230999999999966e+01 2.412565502298723175e+01 4.101290170176035430e-04 0.000000000000000000e+00 1.514710161993915866e-02 1.074446251958177251e-01
1.236373999999999995e+01 2.418357838347886712e+01 3.820851605747772688e-04 0.000000000000000000e+00 1.524167871801642045e-02 1.074448954070145457e-01
1.265173000000000059e+01 2.434402344547408248e+01 3.559537881230212704e-04 0.000000000000000000e+00 1.541411680215823247e-02 1.079083586817572438e-01
1.294642999999999944e+01 2.459007268876078811e+01 3.316074545149987562e-04 0.000000000000000000e+00 1.557131996305212256e-02 1.087568273732875956e-01
1.324798999999999971e+01 2.492546465498245212e+01 3.089222984902658103e-04 0.000000000000000000e+00 1.571441338681115255e-02 1.100041639579626696e-01
1.355658000000000030e+01 2.542369792802687911e+01 2.877853917146887177e-04 0.000000000000000000e+00 1.584493512811809002e-02 1.119715273207069345e-01
1.387235000000000085e+01 2.616987403572837678e+01 2.680903210664368000e-04 0.000000000000000000e+00 1.596505308110070936e-02 1.150286913371213748e-01
1.419547999999999988e+01 2.728048681472172632e+01 2.497395184744210725e-04 0.000000000000000000e+00 1.607738349656368665e-02 1.196806068507599713e-01
1.452613000000000021e+01 2.872411976861798522e+01 2.326413995694583418e-04 0.000000000000000000e+00 1.618507784678362149e-02 1.257812268725795601e-01
1.486448999999999998e+01 3.030028673480219581e+01 2.167111318862158080e-04 0.000000000000000000e+00 1.629222215728445139e-02 1.324471064116933550e-01
1.521072999999999986e+01 3.175755464146363138e+01 2.018699466684748672e-04 0.000000000000000000e+00 1.640468939296713113e-02 1.385790481287454967e-01
1.556503000000000014e+01 3.290853635183457016e+01 1.880430936223094918e-04 0.000000000000000000e+00 1.655415682921328180e-02 1.433642909130603826e-01
1.592759000000000036e+01 3.372255551504972715e+01 1.751630898845186546e-04 0.000000000000000000e+00 1.694113726485072316e-02 1.466766357091631723e-01
1.629859000000000080e+01 3.422105417634200109e+01 1.631656741823193739e-04 0.000000000000000000e+00 1.740965083426581489e-02 1.486165125275724641e-01
1.667822999999999922e+01 3.438139718057352212e+01 1.519920421110397980e-04 0.000000000000000000e+00 1.792391477945409067e-02 1.490921198330265041e-01
1.706672000000000011e+01 3.413328287369909475e+01 1.415869938392321794e-04 0.000000000000000000e+00 1.849888966266566293e-02 1.478053306620136231e-01
1.746424999999999983e+01 3.341719291159263605e+01 1.318999051247131816e-04 0.000000000000000000e+00 1.914438935535229397e-02 1.445058418396817090e-01
1.787105000000000032e+01 3.224265977247165438e+01 1.228837525084111159e-04 0.000000000000000000e+00 1.985514295777621174e-02 1.392423717967345986e-01
1.828732000000000113e+01 3.061551033122474053e+01 1.144950616856523482e-04 0.000000000000000000e+00 2.060620413795738806e-02 1.320468634317943368e-01
1.871328000000000102e+01 2.873536773400773114e+01 1.066920191878445380e-04 0.000000000000000000e+00 2.136604575862355651e-02 1.237854332740629254e-01
1.914917000000000158e+01 2.689416747792306595e+01 9.943527553137593961e-05 0.000000000000000000e+00 2.218570692311846310e-02 1.157168249240485836e-01
1.959521000000000157e+01 2.542939626202954884e+01 9.268675822994569449e-05 0.000000000000000000e+00 2.310451031131806332e-02 1.092895895324081795e-01
2.005164999999999864e+01 2.460134191086774536e+01 8.641041941296851521e-05 0.000000000000000000e+00 2.395944045122035473e-02 1.056145912171373435e-01
2.051870999999999867e+01 2.465707853232723679e+01 8.057210718402947462e-05 0.000000000000000000e+00 2.474122099922192175e-02 1.057417530196601979e-01
2.099664999999999893e+01 2.559291172442338791e+01 7.514041629769652609e-05 0.000000000000000000e+00 2.541511854892838235e-02 1.096430474029328056e-01
2.148573000000000022e+01 2.734757050155724656e+01 7.008487880231153576e-05 0.000000000000000000e+00 2.594816052014590341e-02 1.170449824711647657e-01
2.198619000000000057e+01 2.988968735479673811e+01 6.537808211929189951e-05 0.000000000000000000e+00 2.633987484086446063e-02 1.278037586458341257e-01
2.249831999999999965e+01 3.310228930329828501e+01 6.099407580728509031e-05 0.000000000000000000e+00 2.670732020760186939e-02 1.414110914102980343e-01
2.302236999999999867e+01 3.674347477435596687e+01 5.690941479388073461e-05 0.000000000000000000e+00 2.682938353680066820e-02 1.568278901899185507e-01
2.355863000000000085e+01 4.053609027444285573e+01 5.310213733255641306e-05 0.000000000000000000e+00 2.661581479132783465e-02 1.728687456111256404e-01
2.410737999999999914e+01 4.427452262611889466e+01 4.955235104014830061e-05 0.000000000000000000e+00 2.614051484952147411e-02 1.886572350871493498e-01
2.466891000000000034e+01 4.782700311615265321e+01 4.624177029185895060e-05 0.000000000000000000e+00 2.553421552705261235e-02 2.036341552308942870e-01
2.524352999999999980e+01 5.108251128550956821e+01 4.315353055512736351e-05 0.000000000000000000e+00 2.493128152115732174e-02 2.173301712480842363e-01
2.583152000000000115e+01 5.399672096756606976e+01 4.027224387579891938e-05 0.000000000000000000e+00 2.446817180168552736e-02 2.295606762702306902e-01
2.643321999999999861e+01 5.654896481437275213e+01 3.758374700892288145e-05 0.000000000000000000e+00 2.440313236326988044e-02 2.402418445827295967e-01
2.704892999999999859e+01 5.873003995043055170e+01 3.507496706883736661e-05 0.000000000000000000e+00 2.458538864472670921e-02 2.493384858102207502e-01
2.767897999999999925e+01 6.053710100198664179e+01 3.273377506394933395e-05 0.000000000000000000e+00 2.493619402026792803e-02 2.568422128380865588e-01
2.832369999999999877e+01 6.195469921847467987e+01 3.054888399953949640e-05 0.000000000000000000e+00 2.544857255441782679e-02 2.626909688355693051e-01
2.898345000000000127e+01 6.297055858179270871e+01 2.850987715794383825e-05 0.000000000000000000e+00 2.609640055046487384e-02 2.668360535859238269e-01
2.965856000000000137e+01 6.353854663663118174e+01 2.654785422059999825e-05 0.000000000000000000e+00 2.676554793812852689e-02 2.690852663354085239e-01
