1.365140006460234012e+01 1.385193061208571663e+01 2.360852994138495475e+01 3.015208896757012269e+01
1.320689303326544639e+01 1.364604983823605444e+01 2.306400345648415851e+01 2.982772304673857988e+01
1.276238600192854733e+01 1.342696681992403818e+01 2.251947697158336581e+01 2.950335712590703707e+01
1.231787897059165360e+01 1.318030886903101617e+01 2.197495048668257667e+01 2.917899120507549782e+01
1.187337193925475631e+01 1.291409741037994863e+01 2.143042400178177687e+01 2.885462528424395501e+01
1.142886490791786258e+01 1.262747989379264801e+01 2.088589751688098417e+01 2.853025936341241220e+01
1.098435787658096707e+01 1.234068723734090689e+01 2.034137103198019147e+01 2.820589344258087650e+01
1.053985084524407334e+01 1.205389458088916754e+01 1.979684454707939878e+01 2.788152752174933724e+01
1.028975520425514567e+01 1.185792747962130278e+01 1.934641357319058130e+01 2.738037399227874502e+01
1.023407095361417518e+01 1.175278593353730727e+01 1.899007811031373905e+01 2.670243285416911760e+01
1.017838670297320469e+01 1.164764438745331709e+01 1.863374264743689679e+01 2.602449171605948308e+01
1.012270245233223775e+01 1.154250284136932336e+01 1.827740718456004743e+01 2.534655057794985566e+01
1.006701820169126549e+01 1.143736129528533141e+01 1.792107172168320517e+01 2.466860943984022114e+01
1.001133395105029678e+01 1.133221974920133590e+01 1.756473625880635936e+01 2.399066830173059373e+01
9.955649700409329839e+00 1.122707820311734217e+01 1.725061702322784996e+01 2.331272716362096276e+01
9.899965449768362902e+00 1.112193665703335377e+01 1.707052682893840512e+01 2.263478602551134244e+01
1.014290817558549485e+01 1.143860574187188384e+01 1.715004193295145640e+01 2.269129804027857844e+01
1.038230161342939084e+01 1.175527482671041568e+01 1.722955703696451479e+01 2.274781005504581799e+01
1.061837121739203127e+01 1.207194391154894575e+01 1.730907214097756963e+01 2.280432206981306109e+01
1.085444082135466815e+01 1.238861299638747582e+01 1.738858724499062092e+01 2.286083408458029709e+01
1.109051042531730502e+01 1.270528208122600233e+01 1.746810234900367576e+01 2.291734609934753664e+01
1.132658002927994545e+01 1.302195116606453240e+01 1.754761745301672704e+01 2.300227601959441870e+01
1.156264963324258233e+01 1.333862025090306602e+01 1.762713255702978543e+01 2.312084241710691401e+01
1.190701028978264198e+01 1.375627956131097207e+01 1.774360112969922909e+01 2.325062369886794755e+01
1.235966199890011730e+01 1.427492909728825055e+01 1.789702317102506868e+01 2.339161986487752287e+01
1.281231370801759439e+01 1.479357863326552724e+01 1.805044521235089761e+01 2.353261603088709464e+01
1.326496541713507149e+01 1.531222816924280572e+01 1.820386725367673719e+01 2.384309573275223570e+01
1.371761712625254503e+01 1.583087770522008420e+01 1.835728929500256967e+01 2.431421859196706237e+01
1.417026883537002213e+01 1.634952724119736445e+01 1.851071133632840571e+01 2.478534145118189258e+01
1.462292054448749745e+01 1.686817677717464292e+01 1.866413337765424174e+01 2.525646431039671924e+01
1.507557225360497632e+01 1.738682631315192495e+01 1.881755541898008488e+01 2.572758716961152814e+01
1.574738056536160791e+01 1.803365763432666569e+01 1.929065915843780488e+01 2.583334690765557440e+01
1.641918887711823061e+01 1.868004298358652449e+01 1.995640016341165435e+01 2.593910664569961710e+01
1.709099718887486219e+01 1.932543407925525614e+01 2.062214116838548961e+01 2.604486638374366336e+01
1.776280550063149377e+01 1.997082517492398068e+01 2.128788217335933197e+01 2.615343055899866798e+01
1.843461381238811825e+01 2.061621627059270878e+01 2.195362317833317434e+01 2.627534265606893982e+01
1.910134705586002113e+01 2.126160736626142977e+01 2.261936418330701670e+01 2.639742397200875601e+01
1.976650272550476828e+01 2.190699846193016143e+01 2.328510518828085907e+01 2.652601356447159731e+01
2.050869750650366896e+01 2.251070833773383484e+01 2.389802532945390112e+01 2.658245730164298593e+01
2.132793139885671607e+01 2.307273699367245356e+01 2.445812460682616063e+01 2.660353726604795099e+01
2.214716529120977384e+01 2.363476564961107940e+01 2.501822388419841658e+01 2.663243247400707148e+01
2.296639918356281740e+01 2.419679430554969812e+01 2.557832316157067254e+01 2.675358835928986068e+01
2.378563307591586806e+01 2.458139924213414318e+01 2.613842243894292494e+01 2.691522305229742784e+01
2.459054861788320778e+01 2.454817858410787679e+01 2.685303320398181270e+01 2.720350025539773853e+01
2.538019204725889111e+01 2.442550339995079867e+01 2.764044081725516122e+01 2.749735668831873170e+01
2.615876797679493393e+01 2.430282821579371699e+01 2.842784843052851329e+01 2.790020350548789807e+01
2.629732351847413696e+01 2.414400383908301961e+01 2.843544259720486167e+01 2.781744465352785056e+01
2.633611754364671853e+01 2.398517946237232223e+01 2.844863348884078391e+01 2.778047577899512888e+01
2.630729309148529538e+01 2.382635508566162130e+01 2.864803205944034659e+01 2.776410107135868799e+01
2.627846863932387222e+01 2.366753070895092392e+01 2.895446461397187576e+01 2.774772636372224710e+01
2.624964418716244197e+01 2.350870633224021944e+01 2.928212111495128767e+01 2.773135165608579911e+01
2.622081973500101171e+01 2.334988195552951851e+01 2.960977761593068180e+01 2.771497694844935467e+01
2.619199528283958145e+01 2.319105757881882468e+01 2.993743411691009015e+01 2.769860224081291378e+01
2.604273715996097138e+01 2.298251729802888832e+01 3.003115049477870357e+01 2.754555521031014109e+01
2.577304536636518861e+01 2.266887891029110946e+01 2.989092674953656825e+01 2.725583585694106858e+01
2.550335357276941650e+01 2.235524052255333061e+01 2.975070300429442227e+01 2.696611650357198897e+01
2.523366177917363373e+01 2.204160213481554820e+01 2.961047925905227629e+01 2.667639715020290581e+01
2.496396998557785096e+01 2.172742760806497841e+01 2.947025551381013386e+01 2.638667779683382975e+01
2.466269777883005787e+01 2.140060987117774616e+01 2.933003176856798788e+01 2.609695844346475013e+01
2.425896168986601964e+01 2.104520901477228989e+01 2.918980802332584190e+01 2.580723909009566697e+01
2.385522560090198141e+01 2.068502853183110091e+01 2.904958427808368882e+01 2.551751973672659446e+01
2.343424158559655268e+01 2.046667908463594188e+01 2.875183366655587491e+01 2.522976224584601468e+01
2.301325757029112751e+01 2.024832963744077929e+01 2.845408305502806101e+01 2.494200475496543490e+01
2.259227355498570233e+01 2.002998019024561671e+01 2.815633244350024711e+01 2.465424726408486222e+01
2.217128953968027005e+01 1.976515746142163010e+01 2.785858183197243321e+01 2.436648977320428600e+01
2.175030552437484133e+01 1.945661333790949499e+01 2.756083122044461575e+01 2.407873228232371332e+01
2.132932150906941970e+01 1.914010310802380843e+01 2.726308060891680185e+01 2.379097479144313354e+01
2.090833749376399098e+01 1.882359287813812188e+01 2.696532999738898795e+01 2.350321730056255731e+01
2.057160465279309491e+01 1.857757816824939923e+01 2.668542401752795357e+01 2.326039711468930449e+01
2.031912298615671730e+01 1.840205897835765114e+01 2.641654001586642408e+01 2.306251423382338928e+01
2.006664131952034680e+01 1.822653978846588885e+01 2.614765601420489460e+01 2.286463135295747051e+01
1.981415965288397629e+01 1.805102059857413721e+01 2.587877201254336157e+01 2.266674847209154464e+01
1.956167798624759868e+01 1.787550140868237847e+01 2.560988801088183209e+01 2.246886559122562232e+01
1.930919631961123173e+01 1.769998221879062328e+01 2.534100400922029550e+01 2.227098271035970356e+01
1.905671465297485767e+01 1.752446302889886098e+01 2.507212000755876247e+01 2.208115088999011988e+01
1.880423298633848717e+01 1.734894383900710935e+01 2.480626143513328330e+01 2.204757848479058069e+01
1.861265000339627917e+01 1.718018617505384071e+01 2.454549971865098712e+01 2.201293204733887876e+01
1.842106702045407474e+01 1.701142851110057208e+01 2.428473800216868383e+01 2.198359272186382185e+01
1.822948403751186675e+01 1.684267084714730345e+01 2.402397628568638766e+01 2.195425339638877205e+01
1.803790105456965875e+01 1.667391318319403837e+01 2.376321456920408437e+01 2.192491407091371869e+01
1.784631807162745787e+01 1.650515551924077329e+01 2.350245285272178464e+01 2.189557474543866178e+01
1.765473508868525343e+01 1.633639785528750821e+01 2.324169113623948490e+01 2.186623541996360842e+01
1.746315210574304544e+01 1.616764019133424313e+01 2.298092941975718873e+01 2.183689609448855506e+01
1.730185921563301576e+01 1.604712280952840686e+01 2.274424751597147321e+01 2.180488691611838092e+01
1.717085641835515730e+01 1.597484570986999231e+01 2.253164542488233835e+01 2.177020788485308600e+01
1.703985362107729884e+01 1.590256861021158130e+01 2.232548764433059318e+01 2.174409394166872289e+01
1.690885082379943682e+01 1.583029151055317030e+01 2.212615739724247277e+01 2.172350629637484687e+01
1.677784802652157836e+01 1.575801441089476107e+01 2.192682715015435235e+01 2.170291865108097085e+01
1.664684522924371635e+01 1.568573731123635007e+01 2.172749690306622838e+01 2.168233100578709838e+01
1.651584243196586144e+01 1.561346021157793729e+01 2.152816665597810797e+01 2.166174336049322591e+01
