81.1583 29.9518
198.1151 14.9873
1368.6284 13.496
607.7936 850.1053
997.9291 844.1544
926.6102 844.6866
564.2673 819.6167
397.0049 820.7947
1353.8378 781.7068
896.3258 780.3865
550.2679 776.7578
848.3194 768.8666
1375.1134 755.3574
607.8511 754.5626
997.5732 748.7111
926.3218 749.4144
564.5036 724.501
397.5132 725.5184
1317.4442 686.2497
43.472 687.2471
1094.8101 681.7498
420.7797 653.8555
369.0673 651.2786
856.7633 648.5417
511.906 630.4462
1393.2198 627.9765
43.981 592.5401
1094.4684 587.3671
1316.9255 591.7303
420.7042 559.3587
369.3111 557.0861
856.5103 554.3608
512.1044 536.3181
1392.5179 533.7832
1071.8823 523.1595
386.4489 518.1472
519.412 518.1641
432.9982 516.9656
471.9871 512.0098
374.1948 511.0496
1107.5022 507.9779
389.2716 490.9953
921.4948 480.8741
49.4582 480.8855
1097.6191 464.7982
655.9391 455.7712
385.832 424.8501
518.8911 424.8998
433.0024 423.4021
374.1509 417.4958
1107.4908 414.2059
389.2081 397.5261
49.75 387.0987
1097.4055 371.5482
655.9903 362.9733
652.8369 334.9893
370.0834 322.3327
33.0165 329.5233
595.9271 295.4476
376.0093 300.274
141.5315 299.5074
196.73 297.4632
991.2062 290.5146
892.9905 277.8239
652.6943 242.466
370.2368 229.9172
33.1091 236.4775
595.7921 202.9596
376.0207 207.8628
141.8512 206.8926
196.7621 204.6629
991.0914 198.3323
275.4985 194.976
893.098 185.1332
218.5001 157.2933
78.7928 144.4993
1055.298 133.7378
1274.7822 131.5834
81.1594 121.9931
1327.0154 123.2567
722.6397 121.3783
198.1372 106.6843
1368.7067 105.2481
30.9904 85.4794
218.2348 65.3915
78.7298 52.4816
1055.1666 41.7216
1274.7059 39.6531
1326.9703 31.491
722.5147 29.2914
1376.1222 851.1143
